1.4395822286605835
1.397119164466858
1.3126920461654663
1.239790439605713
1.1930863857269287
1.163032054901123
1.1114437580108643
1.0917372703552246
1.045769453048706
1.0332543849945068
0.9995861053466797
0.9569724202156067
0.9460437297821045
0.9018786549568176
0.9131298065185547
0.872803270816803
0.8552358150482178
0.8351848125457764
0.8233190178871155
0.8128750324249268
0.7852556705474854
0.7810924649238586
0.7598592638969421
0.7421546578407288
0.7305551171302795
0.722015380859375
0.7071070671081543
0.7140148878097534
0.6910403370857239
0.67989182472229
0.6741793751716614
0.6602373719215393
0.6560417413711548
0.6424344182014465
0.65215003490448
0.6370803117752075
0.6308426856994629
0.6273418068885803
0.6129611730575562
0.6105909943580627
0.6154592037200928
0.6050858497619629
0.5967823266983032
0.6015095114707947
0.5858008861541748
0.5815324783325195
0.5716465711593628
0.5719509720802307
0.564795196056366
0.5624510645866394
0.5599333047866821
0.5567633509635925
0.5569906234741211
0.5516326427459717
0.5446524024009705
0.5368376970291138
0.5450800061225891
0.5322580337524414
0.5360562801361084
0.535113513469696
0.528643012046814
0.5266659259796143
0.5264691114425659
0.5175671577453613
0.5209574699401855
0.5144187211990356
0.5126064419746399
0.5173775553703308
0.5092288255691528
0.5067924857139587
0.5064379572868347
0.5081624388694763
0.5050610899925232
0.49866366386413574
0.5007938146591187
0.4969576895236969
0.4964052140712738
0.4918484091758728
0.49175432324409485
0.4873449206352234
0.48914268612861633
0.48747095465660095
0.490333616733551
0.48578059673309326
0.48644301295280457
0.4802311360836029
0.47833746671676636
0.4801484942436218
0.47811949253082275
0.4770500063896179
0.4726408123970032
0.48533785343170166
0.47491490840911865
0.4798811376094818
0.4694823920726776
0.47412678599357605
0.5040674209594727
0.4781322777271271
0.4858255684375763
0.49013108015060425
0.48070037364959717
0.4819888472557068
0.4838409721851349
0.48025378584861755
0.477075457572937
0.47626036405563354
0.4743273854255676
0.46513161063194275
0.46946677565574646
0.46236175298690796
0.4622414708137512
0.4691498577594757
0.4644852876663208
0.4594363570213318
0.4576517343521118
0.45362818241119385
0.4516925513744354
0.45567137002944946
0.4521944522857666
0.45748668909072876
0.44971129298210144
0.448393851518631
0.4461875557899475
0.4551382064819336
0.446624755859375
0.46409764885902405
0.4553180932998657
0.5145067572593689
0.4750326871871948
0.4767191410064697
0.4780086576938629
0.4773266911506653
0.471731036901474
0.47908613085746765
0.4731929898262024
0.4655315577983856
0.4559672176837921
0.46370965242385864
0.46097683906555176
0.4499613642692566
0.45902493596076965
0.4442497193813324
0.451218843460083
0.444345086812973
0.44237035512924194
0.4442662000656128
0.4415079653263092
0.4464664161205292
0.44248440861701965
0.4419662356376648
0.4362173080444336
0.4344393014907837
0.4348258376121521
0.43437713384628296
0.4351171851158142
0.440509557723999
0.43931838870048523
0.42896971106529236
0.43038055300712585
0.43457120656967163
0.42796075344085693
0.4229165315628052
0.43249332904815674
0.4241012930870056
0.4276558458805084
0.42564138770103455
0.4229601323604584
0.42915719747543335
0.4216051995754242
0.4236754775047302
0.41757410764694214
0.4248961806297302
0.42222824692726135
0.4195868968963623
0.414294958114624
0.41809457540512085
0.4182071089744568
0.413959801197052
0.4281100332736969
0.41917845606803894
0.4108424484729767
0.4090137481689453
0.4120248556137085
0.4092530608177185
0.41469988226890564
0.4113188087940216
0.41560378670692444
0.41315287351608276
0.40838462114334106
0.40957388281822205
0.41350024938583374
0.4168170094490051
0.40885496139526367
0.4076549708843231
0.4089408218860626
0.40669623017311096
0.40767645835876465
0.40590089559555054
0.4050823450088501
0.4018096923828125
0.40777885913848877
0.4031500816345215
0.4015984833240509
0.40442630648612976
0.40250614285469055
0.3998548090457916
0.4000203609466553
0.40080463886260986
0.4002014398574829
0.39818108081817627
0.3988666534423828
0.39730703830718994
0.3970559537410736
0.3970896899700165
0.3977823853492737
0.3958277404308319
0.3934706449508667
0.3935301899909973
0.3957413136959076
0.39488810300827026
0.3952386975288391
0.3922748565673828
0.3944464921951294
0.39190196990966797
0.39484211802482605
0.3920937776565552
0.39147406816482544
0.39236778020858765
0.38914787769317627
0.3924829363822937
0.3975713849067688
0.3921429514884949
0.3862761855125427
0.39066946506500244
0.3903247117996216
0.39024123549461365
0.3886929750442505
0.38869228959083557
0.39143383502960205
0.38917967677116394
0.3862212896347046
0.38673773407936096
0.38673821091651917
0.3845031261444092
0.38463354110717773
0.38550782203674316
0.3835316598415375
0.3851235508918762
0.3845757246017456
0.38223057985305786
0.3852328062057495
0.3836263418197632
0.3802412152290344
0.382428377866745
0.3878835141658783
0.38354384899139404
0.3807195723056793
0.3794625401496887
0.38061362504959106
0.3809981942176819
0.3824710249900818
0.379982590675354
0.3804209232330322
0.38022997975349426
0.3813425898551941
0.3793088495731354
0.3785720765590668
0.3781455159187317
0.3800981044769287
0.37910130620002747
0.37880033254623413
0.3777935206890106
0.3777494430541992
0.37836113572120667
0.375898152589798
0.3798041343688965
0.37681594491004944
0.378774493932724
0.3770056962966919
0.3758147954940796
0.37434571981430054
0.37384459376335144
0.3755165934562683
0.37317121028900146
0.3755773901939392
0.3730493485927582
0.37604767084121704
0.37207308411598206
0.3726617693901062
0.37310972809791565
0.37206539511680603
0.37209397554397583
0.371770441532135
0.3747994303703308
0.37123405933380127
0.3754090666770935
0.37182924151420593
0.3729249835014343
0.37277355790138245
0.3711951673030853
0.3702043294906616
0.37085387110710144
0.369261234998703
0.369857519865036
0.3696158826351166
0.3715537190437317
0.37158286571502686
0.3702520728111267
0.37092167139053345
0.3723488748073578
0.369025856256485
0.3695312738418579
0.3687708377838135
0.3687361180782318
0.3693194091320038
0.36737316846847534
0.3694922924041748
0.3686947226524353
0.3674047887325287
0.3673625886440277
0.37256133556365967
0.3666481375694275
0.370024710893631
0.3711261749267578
0.36806076765060425
0.3706664443016052
0.36937659978866577
0.3695431649684906
0.3681185841560364
0.36851826310157776
0.3690043091773987
0.3666403591632843
0.3744109272956848
0.37706902623176575
0.3684185743331909
0.3813205659389496
0.3762361705303192
0.3816625475883484
0.3791543245315552
0.3766193389892578
0.371010422706604
0.3768949508666992
0.3694445490837097
0.3695428669452667
0.3645574450492859
0.3656293451786041
0.36690276861190796
0.36477455496788025
0.3668656051158905
0.3661164343357086
0.3642248511314392
0.36509618163108826
0.36523011326789856
0.36316996812820435
0.36446771025657654
0.36296936869621277
0.362292617559433
0.361693412065506
0.36190885305404663
0.3634209930896759
0.3628515899181366
0.3633566200733185
0.3628414571285248
0.3640751242637634
0.36272820830345154
0.36044150590896606
0.3645375967025757
0.36081793904304504
0.36267566680908203
0.36349308490753174
0.362531453371048
0.3606717884540558
0.3617327809333801
0.360961377620697
0.36167097091674805
0.36049461364746094
0.35960814356803894
0.36348822712898254
0.3592229187488556
0.3622414767742157
0.3589091897010803
0.3610842525959015
0.3611096739768982
0.35854610800743103
0.3605966866016388
0.3583148121833801
0.3597281575202942
0.3624154329299927
0.3611406683921814
0.35876303911209106
0.358956515789032
0.3597559630870819
0.3590981662273407
0.359870582818985
0.35957053303718567
0.3603900671005249
0.35863885283470154
0.35871028900146484
0.3590904176235199
0.35899823904037476
0.3587934970855713
0.3566494286060333
0.3605838119983673
0.3560319244861603
0.36184316873550415
0.3590693473815918
0.3596237301826477
0.3564471900463104
0.357799768447876
0.3589786887168884
0.3592055141925812
0.358931303024292
0.3582637906074524
0.35726624727249146
0.3630245327949524
0.35700395703315735
0.35586291551589966
0.35615915060043335
0.35605892539024353
0.3555302619934082
0.35493195056915283
0.35504692792892456
0.3553324043750763
0.3556537628173828
0.3548927307128906
0.3543519675731659
0.35548800230026245
0.35484838485717773
0.35392600297927856
0.35485562682151794
0.35448184609413147
0.3540881872177124
0.35339975357055664
0.35375040769577026
0.3532821536064148
0.3557201027870178
0.35331034660339355
0.35357505083084106
0.3528396785259247
0.3533991575241089
0.3541419804096222
0.35248151421546936
0.35392308235168457
0.35328376293182373
0.3526404798030853
0.35524049401283264
0.35328227281570435
0.353757381439209
0.3532275855541229
0.3533354103565216
0.3525362014770508
0.3533783257007599
0.35502445697784424
0.3532488942146301
0.356888085603714
0.35831934213638306
0.3578477203845978
0.35861125588417053
0.35661694407463074
0.3601554334163666
0.35464057326316833
0.35356271266937256
0.3563065230846405
0.3549385070800781
0.3519171476364136
0.36215639114379883
0.35778746008872986
0.35938912630081177
0.3588677942752838
0.36075514554977417
0.3593629002571106
0.3651231825351715
0.37772348523139954
0.36193010210990906
0.36282292008399963
0.36480042338371277
0.37367749214172363
0.3741166293621063
0.3840946555137634
0.3764824867248535
0.37425288558006287
0.3650254011154175
0.3672126829624176
0.36823511123657227
0.36378946900367737
0.3694291412830353
0.36839601397514343
0.36675530672073364
0.3630528151988983
0.3610433042049408
0.3850891888141632
0.3702858090400696
0.36055949330329895
0.36060822010040283
0.35796216130256653
0.36465486884117126
0.3619959354400635
0.3659784495830536
0.35936105251312256
0.36229175329208374
0.3581569194793701
0.35771051049232483
0.3596593737602234
0.3594920039176941
0.3574330806732178
0.35599833726882935
0.35591116547584534
0.3566637933254242
0.3536376953125
0.35416170954704285
0.3623281419277191
0.35326898097991943
0.3548092246055603
0.35326850414276123
0.35387271642684937
0.3540615737438202
0.35270583629608154
0.3523154854774475
0.3537980914115906
0.3618544638156891
0.35360363125801086
0.35466334223747253
0.35184141993522644
0.5163754820823669
0.4508801996707916
0.39675843715667725
0.4030601978302002
0.42006832361221313
0.4162295460700989
0.45901918411254883
0.4605027437210083
0.41737353801727295
0.44908180832862854
0.4211454689502716
0.4203774631023407
0.41207355260849
0.4185173511505127
0.4188953936100006
0.3978579044342041
0.40957874059677124
0.41458389163017273
0.39874184131622314
0.4215960204601288
0.40212538838386536
0.40398019552230835
0.4003405272960663
0.3986832797527313
0.3989030420780182
0.3874801695346832
0.3857252895832062
0.3827243447303772
0.38138052821159363
0.3739461898803711
0.3719608187675476
0.3744108974933624
0.3714883327484131
0.37161964178085327
0.3742782175540924
0.37254974246025085
0.3661748170852661
0.3714434802532196
0.3600557744503021
0.3646291196346283
0.37059658765792847
0.3671920895576477
0.36106589436531067
0.36086583137512207
0.3664604723453522
0.3851271867752075
0.36440509557724
0.3690180778503418
0.37484872341156006
0.3808524012565613
0.37305542826652527
0.3881111145019531
0.3740758001804352
0.3660472631454468
0.3650972247123718
0.36895352602005005
0.3748377859592438
0.3726786971092224
0.36263740062713623
0.385649174451828
0.36548933386802673
0.3595082461833954
0.3628235161304474
0.36269786953926086
0.37048593163490295
0.3606364130973816
0.36044132709503174
0.3547811210155487
0.3595291078090668
0.3553917407989502
0.3589444160461426
0.3550242781639099
0.3550294041633606
0.35596486926078796
0.35474902391433716
0.3520071506500244
0.35800832509994507
0.34960228204727173
0.3509472906589508
0.3542945683002472
0.3526165783405304
0.3550795316696167
0.3508528769016266
0.3568849563598633
0.3526180386543274
0.3541198968887329
0.35218340158462524
0.37277472019195557
0.3521856367588043
0.35363832116127014
0.3610774278640747
0.3542023301124573
0.35441258549690247
0.36168015003204346
0.35389816761016846
0.3613237142562866
0.35922902822494507
0.3598504960536957
0.3621182143688202
0.3595159947872162
0.35932621359825134
0.35349807143211365
0.3544939160346985
0.36119791865348816
0.355630099773407
0.3507190942764282
0.35576751828193665
0.35099560022354126
0.3516947031021118
0.35262277722358704
0.35351884365081787
0.3515644669532776
0.3507832884788513
0.3522479236125946
0.3522414565086365
0.35031142830848694
0.3489452302455902
0.3516201078891754
0.3503282070159912
0.34963956475257874
0.34970560669898987
0.35053548216819763
0.3495323061943054
0.3510868549346924
0.3522493839263916
0.35057002305984497
0.35073593258857727
0.35123398900032043
0.350991427898407
0.3484055995941162
0.35189664363861084
0.3503798842430115
0.3515629470348358
0.35092687606811523
0.34770891070365906
0.3499228358268738
0.35125911235809326
0.34694477915763855
0.34767401218414307
0.3465563952922821
0.35018980503082275
0.34861356019973755
0.3508402407169342
0.35037633776664734
0.35029494762420654
0.34754231572151184
0.3480508625507355
0.3481158912181854
0.3487957715988159
0.3494701683521271
0.3504566252231598
0.348580002784729
0.3481878638267517
0.3490898013114929
0.3516743779182434
0.34773167967796326
0.34969234466552734
0.34953200817108154
0.3475674092769623
0.34944579005241394
0.34820348024368286
0.3486287593841553
0.34797847270965576
0.3493516743183136
0.3478599786758423
0.3485721945762634
0.3454956114292145
0.3490162491798401
0.3477973937988281
0.34703055024147034
0.3480762243270874
0.346601277589798
0.3475501537322998
0.3461731970310211
0.34867462515830994
0.3479059636592865
0.34764474630355835
0.34768950939178467
0.34739354252815247
0.34641319513320923
0.353040486574173
0.34775596857070923
0.35201388597488403
0.3512548506259918
0.35174524784088135
0.35370925068855286
0.3513599932193756
0.34948188066482544
0.35057303309440613
0.34868961572647095
0.3488925099372864
0.35008731484413147
0.3505344092845917
0.3485209345817566
0.3480896055698395
0.3524172306060791
0.3485674262046814
0.34720543026924133
0.3461698889732361
0.347904235124588
0.3492105007171631
0.3475087583065033
0.3467729389667511
0.3477005958557129
0.34794798493385315
0.3469003140926361
0.3454297184944153
0.3724949359893799
0.3537411093711853
0.34622660279273987
0.3486971855163574
0.348310649394989
0.3458135724067688
0.3473457992076874
0.34781843423843384
0.34822434186935425
0.3485117554664612
0.34860578179359436
0.34794479608535767
0.34669479727745056
0.3468548357486725
0.34781476855278015
0.34650328755378723
0.34599947929382324
0.34760400652885437
0.34553262591362
0.34775036573410034
0.3468859791755676
0.34647950530052185
0.34648558497428894
0.3456479012966156
0.3461809456348419
0.3474574685096741
0.34695783257484436
0.3464452028274536
0.3479000926017761
0.34511739015579224
0.3466649651527405
0.3454867899417877
0.3459295332431793
0.347357839345932
0.34521007537841797
0.34553083777427673
0.34500786662101746
0.34501540660858154
0.3456227481365204
0.3447537422180176
0.34602653980255127
0.34464532136917114
0.34483006596565247
0.3457561433315277
0.34647512435913086
0.3451509475708008
0.3459623456001282
0.3450391888618469
0.34503450989723206
0.34436747431755066
0.3451632857322693
0.34556522965431213
0.3451350927352905
0.34416383504867554
0.3443447947502136
0.3488130271434784
0.3453683853149414
0.34621167182922363
0.3457176089286804
0.34540724754333496
0.3452807366847992
0.3447331488132477
0.34573790431022644
0.3471936285495758
0.3461121618747711
0.3458574116230011
0.3458482027053833
0.346621036529541
0.34514448046684265
0.34557950496673584
0.3465169370174408
0.34574490785598755
0.3468492031097412
0.3460100591182709
0.34576281905174255
0.3458966612815857
0.3470010459423065
0.34459784626960754
0.34502145648002625
0.3453238904476166
0.3436792194843292
0.34559041261672974
0.34522491693496704
0.3446672558784485
0.34466442465782166
0.3435700237751007
0.3448455333709717
0.345969557762146
0.3453701138496399
0.34459421038627625
0.34507057070732117
0.345214307308197
0.34459400177001953
0.34461143612861633
0.3446541726589203
0.34397831559181213
0.34485819935798645
0.34465938806533813
0.34469351172447205
0.3443177044391632
0.3442423641681671
0.3437645137310028
0.34466972947120667
0.34470242261886597
0.3442103862762451
0.3443830609321594
0.3435283899307251
0.3441619277000427
0.3436272442340851
0.34413713216781616
0.3432294726371765
0.3435605764389038
0.34451359510421753
0.3454287052154541
0.3438095450401306
0.3465508222579956
0.34304410219192505
0.34387025237083435
0.3441232144832611
0.3445490598678589
0.34368884563446045
0.34377428889274597
0.34403717517852783
0.34332191944122314
0.3440057039260864
0.34393101930618286
0.3442671000957489
0.34347468614578247
0.3428982198238373
0.34271618723869324
0.34296688437461853
0.34367409348487854
0.3433220684528351
0.34365254640579224
0.34310880303382874
0.34430786967277527
0.3439085781574249
0.3435176610946655
0.34300073981285095
0.3433438539505005
0.3433706760406494
0.34342119097709656
0.3435359597206116
0.3432961404323578
0.3434940576553345
0.3432832360267639
0.34342166781425476
0.34274566173553467
0.34301209449768066
0.34320273995399475
0.3435828387737274
0.3427214026451111
0.3428817391395569
0.3433016836643219
0.34285303950309753
0.3430573344230652
0.3439723551273346
0.34289079904556274
0.34364086389541626
0.34337639808654785
0.3431982100009918
0.34307023882865906
0.3425700068473816
0.34311869740486145
0.34308844804763794
0.3425556421279907
0.3425241708755493
0.34279730916023254
0.34314438700675964
0.34326115250587463
0.34409669041633606
0.34339243173599243
0.3426610827445984
0.3428725302219391
0.34308022260665894
0.34305790066719055
0.3426913917064667
0.3427402377128601
0.3429798185825348
0.34300726652145386
0.34305912256240845
0.34328195452690125
0.3428390324115753
0.34286820888519287
0.34282296895980835
0.3431902527809143
0.34251725673675537
0.3432237505912781
0.34259670972824097
0.34264248609542847
0.34317275881767273
0.342953085899353
0.3429693281650543
0.3427175283432007
0.34295615553855896
0.3429746925830841
0.3431527316570282
0.34259748458862305
0.34280285239219666
0.3429344892501831
0.34238117933273315
0.3429792821407318
0.34303101897239685
0.3426814675331116
0.3426331579685211
0.3425653278827667
0.34236836433410645
0.34276193380355835
0.3430030643939972
0.3426061272621155
0.3422388434410095
0.3423214256763458
0.3421635925769806
0.3431087136268616
0.34279966354370117
0.34255197644233704
0.3425566852092743
0.3422474265098572
0.342881977558136
0.34215986728668213
0.34221774339675903
0.34277141094207764
0.34226152300834656
0.34275272488594055
0.3421294689178467
0.3424760103225708
0.3422659635543823
0.34272730350494385
0.34306323528289795
0.34244754910469055
0.34250667691230774
0.3423963487148285
0.34274208545684814
0.34265556931495667
0.34232768416404724
0.3428571820259094
0.34285619854927063
0.34203651547431946
0.34308305382728577
0.34238141775131226
0.3423207700252533
0.34204214811325073
0.3429473042488098
0.3428719639778137
0.3420974016189575
0.34263959527015686
0.3426171541213989
0.3426882028579712
0.34286126494407654
0.34245577454566956
0.3422621190547943
0.34214329719543457
0.3420696556568146
0.3423444628715515
0.34241700172424316
0.34293556213378906
0.3423148989677429
0.3431842029094696
0.3427214026451111
0.34223949909210205
0.342447429895401
0.342424601316452
0.34210264682769775
0.34228628873825073
0.34216487407684326
0.34208473563194275
0.34230488538742065
0.3420356512069702
0.34226927161216736
0.3419272005558014
0.3419914245605469
0.34214285016059875
0.3424924612045288
0.3420674800872803
0.342145174741745
0.34255513548851013
0.3421391546726227
0.34232375025749207
0.34210336208343506
0.34200307726860046
0.34224367141723633
0.34223517775535583
0.3419826626777649
0.3420230448246002
0.3448880910873413
0.3425705134868622
0.3420349359512329
0.3423995077610016
0.34224212169647217
0.34314632415771484
0.3428247570991516
0.3428826630115509
0.3429882526397705
0.3431781530380249
0.34290358424186707
0.3450233042240143
0.34332168102264404
0.3421950340270996
0.34313005208969116
0.34276050329208374
0.3427960276603699
0.34267908334732056
0.34253525733947754
0.34260106086730957
0.343265175819397
0.343499094247818
0.3427196443080902
0.3431742489337921
0.34287673234939575
0.34282466769218445
0.3430859446525574
0.3423376679420471
0.3428642451763153
0.342570424079895
0.3427281379699707
0.3421058654785156
0.3429718017578125
0.34273865818977356
0.3422071635723114
0.3429130017757416
0.3429903984069824
0.34245243668556213
0.3422262966632843
0.3420260548591614
0.34235143661499023
0.3419683575630188
0.3423805236816406
0.34247007966041565
0.34279075264930725
0.3421829044818878
0.34216073155403137
0.3425777554512024
0.34236419200897217
0.34227052330970764
0.34245359897613525
0.3422297537326813
0.34205764532089233
0.3423423767089844
0.3421483039855957
0.34213119745254517
0.3423405587673187
0.342348575592041
0.3421594500541687
0.3418734073638916
0.3420974314212799
0.34222713112831116
0.34177669882774353
0.3419991731643677
0.3421509563922882
0.34199732542037964
0.34191587567329407
0.34196802973747253
0.34198302030563354
0.342033326625824
0.34195613861083984
0.3421558737754822
0.3420107960700989
0.3422067165374756
0.3420635461807251
0.3420465886592865
0.3419278562068939
0.34188002347946167
0.3418883681297302
0.3419238328933716
0.341903954744339
0.34193432331085205
0.3418176770210266
0.3418577015399933
0.3417118787765503
0.3417986035346985
0.3418014347553253
0.3420398235321045
0.3420089781284332
0.3416588306427002
0.34168344736099243
0.34175044298171997
0.3418096899986267
0.3418077826499939
0.34174495935440063
0.34183165431022644
0.34178459644317627
0.34196779131889343
0.3417034149169922
0.34172576665878296
0.3417353928089142
0.3417002260684967
0.341972291469574
0.3417627811431885
0.3417744040489197
0.34204885363578796
0.3418942093849182
0.3418557047843933
0.3420809507369995
0.34174099564552307
0.34166255593299866
0.34164419770240784
0.34172481298446655
0.34167930483818054
0.34155967831611633
0.3417734205722809
0.3415723145008087
0.3416171967983246
0.34157565236091614
0.3415609896183014
0.3416774868965149
0.3415893316268921
0.34174588322639465
0.3415171504020691
0.34165242314338684
0.3416324555873871
0.34158405661582947
0.34159910678863525
0.3416205942630768
0.34157365560531616
0.34162437915802
0.3415559232234955
0.34166213870048523
0.341525673866272
0.34155839681625366
0.34147632122039795
0.3415113091468811
0.3415836691856384
0.34149426221847534
0.34149470925331116
0.34161174297332764
0.34159132838249207
0.341589093208313
0.34162941575050354
0.341492235660553
0.3414594829082489
0.3415311574935913
0.34149184823036194
0.3414279520511627
0.34145158529281616
0.34145331382751465
0.34140336513519287
0.34138891100883484
0.34257641434669495
0.3415938913822174
0.34185099601745605
0.34200799465179443
0.3423539400100708
0.34224987030029297
0.34250521659851074
0.3422475755214691
0.34242185950279236
0.3422500789165497
0.3424442708492279
0.3421778976917267
0.34196001291275024
0.3421103358268738
0.34213343262672424
0.34197941422462463
0.3418049216270447
0.3418966233730316
0.34175124764442444
0.3417682647705078
0.34181082248687744
0.3417707085609436
0.3417159914970398
0.34176796674728394
0.3416369557380676
0.34175175428390503
0.3416411578655243
0.34167319536209106
0.341615229845047
0.34155288338661194
0.34146279096603394
0.3415229022502899
0.34167444705963135
0.3414939045906067
0.3414495885372162
0.34148475527763367
0.3415156602859497
0.3413987457752228
0.341492623090744
0.34141433238983154
0.3414643108844757
0.3413805663585663
0.3413628041744232
0.3414052128791809
0.3413645029067993
0.34139493107795715
0.3413071632385254
0.34169891476631165
0.34129592776298523
0.341360479593277
0.34131866693496704
0.3413349688053131
0.34129491448402405
0.34131327271461487
0.3412746489048004
0.34125134348869324
0.34131506085395813
0.3413048982620239
0.34124019742012024
0.34124818444252014
0.3412610590457916
0.3412300944328308
0.34123146533966064
0.3412562310695648
0.3412548303604126
0.3412669003009796
0.34120598435401917
0.34124499559402466
0.34124520421028137
0.3412347733974457
0.341280460357666
0.3412304222583771
0.34120193123817444
0.3412306308746338
0.3412308990955353
0.3412037789821625
0.3412173390388489
0.3411889374256134
0.34123507142066956
0.3411921262741089
0.3412013351917267
0.3412269353866577
0.34117352962493896
0.3411720395088196
0.34119531512260437
0.34119918942451477
0.3411726951599121
0.34117019176483154
0.34118151664733887
0.34120988845825195
0.34118297696113586
0.3412199318408966
0.3411816358566284
0.34117358922958374
0.3411758244037628
0.3411732614040375
0.341187447309494
0.3411548137664795
0.3411877453327179
0.34118637442588806
0.3411658704280853
0.3411596715450287
0.3411616384983063
0.34116145968437195
0.34117305278778076
0.34116989374160767
0.3411591351032257
0.3411892354488373
0.34116271138191223
0.34115442633628845
0.34118205308914185
0.3411550521850586
0.34119200706481934
0.3411634564399719
0.3411942422389984
0.34117814898490906
0.34114351868629456
0.3411383628845215
0.3411531150341034
0.34115099906921387
0.34115028381347656
0.3411363959312439
0.341147243976593
0.34113168716430664
0.34114566445350647
0.34114935994148254
0.34114861488342285
0.34113189578056335
0.3411785662174225
0.34113001823425293
0.3411303460597992
0.34112489223480225
0.3411707878112793
0.34121403098106384
0.3411308526992798
0.3411236107349396
0.3411076068878174
0.34117022156715393
0.3411608040332794
0.34113961458206177
0.341132789850235
0.3411412537097931
0.341111421585083
0.34113699197769165
0.34115079045295715
0.3411136865615845
0.3411264717578888
0.34111297130584717
0.34112831950187683
0.34112465381622314
0.3411180078983307
0.341113418340683
0.3411140739917755
0.3411216735839844
0.34111684560775757
0.34112778306007385
0.3411094546318054
0.3411112129688263
0.3411092758178711
0.34111496806144714
0.34109437465667725
0.34111085534095764
0.341105580329895
0.3411129117012024
0.3411054015159607
0.3411239981651306
0.34119075536727905
0.3411002457141876
0.3411003351211548
0.34111708402633667
0.34110891819000244
0.3411090672016144
0.34110593795776367
0.3411041498184204
0.3410903811454773
0.34110477566719055
0.34108206629753113
0.3410903215408325
0.3410915732383728
0.3411009609699249
0.3410857617855072
0.34111422300338745
0.34108418226242065
0.3410851061344147
0.34110507369041443
0.3410899341106415
0.3410923480987549
0.3410995304584503
0.3410813808441162
0.34108829498291016
0.3410733938217163
0.3410722315311432
0.341094970703125
0.34107956290245056
0.3411046862602234
0.34107664227485657
0.3411504924297333
0.3410920798778534
0.3410651981830597
0.34107479453086853
0.34110093116760254
0.3410731554031372
0.341081440448761
0.3410780429840088
0.3410901129245758
0.3410666584968567
0.34106871485710144
0.3410777747631073
0.3410809338092804
0.34106945991516113
0.34108105301856995
0.3410646319389343
0.34107309579849243
0.3411305546760559
0.3410642743110657
0.3410671055316925
0.3410770297050476
0.34107717871665955
0.3410665988922119
0.34106889367103577
0.3410748839378357
0.3410680294036865
0.34105926752090454
0.34106048941612244
0.34106236696243286
0.3410685360431671
0.34106242656707764
0.34106138348579407
0.34104812145233154
0.34105411171913147
0.3410588502883911
0.34105628728866577
0.34105226397514343
0.34106016159057617
0.34105193614959717
0.3410554826259613
0.34106218814849854
0.3410514295101166
0.3410598933696747
0.3410511314868927
0.3410702347755432
0.3410470187664032
0.34105098247528076
0.3410521447658539
0.34106165170669556
0.3410467207431793
0.34104210138320923
0.34104692935943604
0.34106534719467163
0.3410576581954956
0.341059148311615
0.3410568833351135
0.3410472869873047
0.34104734659194946
0.3410473167896271
0.34104928374290466
0.34104353189468384
0.3410523235797882
0.3410450220108032
0.3410397171974182
0.34104451537132263
0.34103962779045105
0.3410525918006897
0.34103691577911377
0.34103626012802124
0.3410438597202301
0.34104159474372864
0.3410869836807251
0.34104281663894653
0.3411402106285095
0.34104686975479126
0.34103232622146606
0.34104183316230774
0.34104135632514954
0.341031938791275
0.34109458327293396
0.34104299545288086
0.341031938791275
0.3410433232784271
0.34103167057037354
0.3410261869430542
0.3410361111164093
0.3410312831401825
0.34103697538375854
0.3410477936267853
0.34103116393089294
0.3410516679286957
0.341032475233078
0.3410414159297943
0.3410344123840332
0.3410285413265228
0.341031014919281
0.34102344512939453
0.34102749824523926
0.3410378396511078
0.34102773666381836
0.3410212993621826
0.34102120995521545
0.3410351276397705
0.3410276472568512
0.3410225808620453
0.34102386236190796
0.34104830026626587
0.34102100133895874
0.341022253036499
0.34102120995521545
0.3410210609436035
0.34102514386177063
0.3410097658634186
0.3410230278968811
0.34102559089660645
0.34101974964141846
0.34107109904289246
0.3410201668739319
0.3410196900367737
0.3410174548625946
0.3410183787345886
0.3410135805606842
0.34101635217666626
0.34102383255958557
0.3410150706768036
0.34101733565330505
0.34100833535194397
0.34101131558418274
0.3410183787345886
0.3410235047340393
0.34102070331573486
0.3410087525844574
0.3410208225250244
0.3410128057003021
0.34100866317749023
0.3410065472126007
0.341004341840744
0.3410102128982544
0.3410084843635559
0.34100568294525146
0.34100914001464844
0.34100526571273804
0.3410088121891022
0.34099844098091125
0.34100377559661865
0.34100180864334106
0.34100043773651123
0.3410090208053589
0.3410021662712097
0.34100061655044556
0.3410036861896515
0.3410056531429291
0.34099793434143066
0.3410033583641052
0.3409980535507202
0.34100306034088135
0.3410021662712097
0.3410041630268097
0.3410012423992157
0.34099236130714417
0.3410031199455261
0.34100914001464844
0.3409976661205292
0.34100183844566345
0.34099525213241577
0.34099864959716797
0.3409908413887024
0.34099525213241577
0.34100037813186646
0.34099307656288147
0.34099146723747253
0.34099259972572327
0.34098881483078003
0.34100109338760376
0.3409872055053711
0.34098830819129944
0.34099382162094116
0.34101608395576477
0.34100091457366943
0.3409920930862427
0.3409900367259979
0.340992271900177
0.34098875522613525
0.3409888744354248
0.34098660945892334
0.3409935235977173
0.34098556637763977
0.3409827649593353
0.34099292755126953
0.3409826457500458
0.34098705649375916
0.3409883677959442
0.34098881483078003
0.34098440408706665
0.34097951650619507
0.34098321199417114
0.34098586440086365
0.3409806787967682
0.34098127484321594
0.3409801721572876
0.34098342061042786
0.3409764766693115
0.34097790718078613
0.3409828543663025
0.34098169207572937
0.34099140763282776
0.340972900390625
0.3409801423549652
0.34097951650619507
0.34098365902900696
0.3409825563430786
0.3409787714481354
0.34097909927368164
0.34097787737846375
0.3409719169139862
0.34097960591316223
0.34097787737846375
0.3409774601459503
0.34097015857696533
0.340975284576416
0.34098002314567566
0.34097665548324585
0.3409784734249115
0.34097328782081604
0.3409726023674011
0.340975284576416
0.340977281332016
0.3409765362739563
0.3409682512283325
0.34097495675086975
0.3409755825996399
0.34097322821617126
0.34097376465797424
0.3409667909145355
0.3409794270992279
0.3409757912158966
0.34097418189048767
0.34098100662231445
0.3409663438796997
0.3409671187400818
0.3409677743911743
0.3409728407859802
0.3409673869609833
0.3409631848335266
0.34096428751945496
0.34096673130989075
0.3409613370895386
0.34096798300743103
0.34096890687942505
0.3409673273563385
0.3409692645072937
0.34096643328666687
0.3409631550312042
0.3409726917743683
0.340963214635849
0.34096577763557434
0.34096747636795044
0.34096473455429077
0.340959757566452
0.3409665822982788
0.34095901250839233
0.3409598469734192
0.3409631848335266
0.3409622311592102
0.3409656584262848
0.34096425771713257
0.34095650911331177
0.34095603227615356
0.34095653891563416
0.34096086025238037
0.3409580588340759
0.3409534692764282
0.3409574031829834
0.3409593999385834
0.34096282720565796
0.34095248579978943
0.34096136689186096
0.3409574031829834
0.34095942974090576
0.3409581184387207
0.3409574031829834
0.34096044301986694
0.34095996618270874
0.34095776081085205
0.3409515917301178
0.34095215797424316
0.3410092890262604
0.3409547805786133
0.3409520983695984
0.34095484018325806
0.3409572243690491
0.34095314145088196
0.3409562110900879
0.3409530520439148
0.3409495949745178
0.340957909822464
0.34095263481140137
0.3409508168697357
0.3409497141838074
0.3409537971019745
0.34094810485839844
0.34095385670661926
0.3409523069858551
0.34095102548599243
0.3409516513347626
0.3409471809864044
0.3409496545791626
0.34094953536987305
0.34095486998558044
0.3409498333930969
0.3409465551376343
0.3409457504749298
0.34094682335853577
0.3409508466720581
0.3409469425678253
0.3409508466720581
0.34094831347465515
0.34095242619514465
0.3409455716609955
0.34094205498695374
0.3409455716609955
0.34094399213790894
0.3409414291381836
0.3409462571144104
0.3409426808357239
0.34094303846359253
0.340946763753891
0.34094664454460144
0.3409404158592224
0.3409430980682373
0.3409408926963806
0.3409408628940582
0.3409401774406433
0.3409435749053955
0.3409390151500702
0.34094932675361633
0.34093987941741943
0.3409423232078552
0.34094202518463135
0.34094110131263733
0.3409382998943329
0.34094154834747314
0.34093666076660156
0.3409392833709717
0.3409378230571747
0.34094157814979553
0.3409339189529419
0.3409351110458374
0.3409348428249359
0.3409392833709717
0.34093859791755676
0.3409382104873657
0.3409363031387329
0.3409377634525299
0.34093502163887024
0.34093284606933594
0.3409392833709717
0.3409351110458374
0.34093213081359863
0.34093353152275085
0.3409324884414673
0.34093478322029114
0.3409422039985657
0.3409329950809479
0.34093353152275085
0.3409341275691986
0.3409353792667389
0.34092941880226135
0.34093308448791504
0.3409319818019867
0.3409329950809479
0.34093159437179565
0.3409334123134613
0.3409311771392822
0.34094035625457764
0.3409309983253479
0.3409314751625061
0.3409346342086792
0.34093379974365234
0.3409290313720703
0.34095537662506104
0.3409291207790375
0.3409332036972046
0.3409321904182434
0.34093308448791504
0.34093040227890015
0.34092947840690613
0.3409257233142853
0.34092962741851807
0.3409329056739807
0.34092429280281067
0.34092840552330017
0.3409263789653778
0.3409253656864166
0.3409278690814972
0.3409256935119629
0.3409242033958435
0.3409236967563629
0.3409292995929718
0.3409261107444763
0.3409251868724823
0.34092843532562256
0.3409273326396942
0.34092843532562256
0.340923935174942
0.34092655777931213
0.34093785285949707
0.3409213721752167
0.3409239649772644
0.34092333912849426
0.3409309983253479
0.34092405438423157
0.3409217596054077
0.34092316031455994
0.3409246802330017
0.34092146158218384
0.34092652797698975
0.3409222960472107
0.34092068672180176
0.3409213125705719
0.3409199118614197
0.3409212827682495
0.3409246802330017
0.3409222364425659
0.3409215211868286
0.3409198224544525
0.34092170000076294
0.3409213125705719
0.34091976284980774
0.3409212529659271
0.34091806411743164
0.3409183919429779
0.34091782569885254
0.3409216105937958
0.3409214913845062
0.3409150242805481
0.3409244120121002
0.34091436862945557
0.34091445803642273
0.3409176170825958
0.3409167230129242
0.34091901779174805
0.34091880917549133
0.34091347455978394
0.3409165143966675
0.3409178853034973
0.3409159183502197
0.3409162163734436
0.3409150540828705
0.34091827273368835
0.3409136235713959
0.3409178555011749
0.34091269969940186
0.3409142792224884
0.3409121632575989
0.3409126400947571
0.3409121334552765
0.34091293811798096
0.3409140110015869
0.34092360734939575
0.3409145772457123
0.34091079235076904
0.3409101963043213
0.3409126102924347
0.3409152030944824
0.3409121334552765
0.34091079235076904
0.3409099280834198
0.34090980887413025
0.3409103453159332
0.3409084975719452
0.340912401676178
0.34090858697891235
0.3409099876880646
0.3409128189086914
0.3409111499786377
0.34091126918792725
0.34090808033943176
0.3409098982810974
0.3409091532230377
0.3409104645252228
0.34090760350227356
0.34090644121170044
0.3409092128276825
0.3409099876880646
0.3409048318862915
0.3409078121185303
0.34090521931648254
0.34090757369995117
0.3409075438976288
0.340905100107193
0.34090670943260193
0.3409043550491333
0.3409059941768646
0.340903639793396
0.34090662002563477
0.3409040868282318
0.3409033417701721
0.34090542793273926
0.34090813994407654
0.3409038484096527
0.3409059941768646
0.34090182185173035
0.340903639793396
0.3409074544906616
0.3409062325954437
0.3409044146537781
0.34090036153793335
0.34090688824653625
0.3409036099910736
0.34090304374694824
0.3409014940261841
0.34090492129325867
0.3409005403518677
0.34090015292167664
0.34090036153793335
0.3409007489681244
0.3408988118171692
0.3409005403518677
0.34090161323547363
0.3409019708633423
0.34089988470077515
0.3408992886543274
0.3409004807472229
0.34089913964271545
0.3409011960029602
0.34089815616607666
0.3408997058868408
0.3409007787704468
0.34090009331703186
0.34089845418930054
0.3408997654914856
0.34089866280555725
0.3408973515033722
0.3408956527709961
0.340898722410202
0.34090083837509155
0.34089627861976624
0.34090131521224976
0.34089934825897217
0.34089434146881104
0.3408973217010498
0.34089529514312744
0.34089669585227966
0.34089410305023193
0.34089919924736023
0.3408971428871155
0.34089723229408264
0.34089580178260803
0.3408960998058319
0.34089744091033936
0.3408927917480469
0.3408953845500946
0.34089478850364685
0.34089428186416626
0.34089425206184387
0.34089505672454834
0.3408941626548767
0.3408935070037842
0.3408927917480469
0.3408905267715454
0.34089648723602295
0.34089213609695435
0.34089359641075134
0.3408927917480469
0.3408907651901245
0.34089115262031555
0.3408937454223633
0.3408918082714081
0.34089231491088867
0.3408912420272827
0.3408934473991394
0.34089240431785583
0.34089016914367676
0.34088894724845886
0.3408902883529663
0.3408896028995514
0.3408987820148468
0.3408915400505066
0.3408906161785126
0.34089091420173645
0.34089186787605286
0.3408905565738678
0.34088990092277527
0.34088993072509766
0.3408891260623932
0.34089016914367676
0.34088775515556335
0.34089264273643494
0.3408883512020111
0.3408927023410797
0.3408884108066559
0.3408893942832947
0.34088820219039917
0.34089329838752747
0.34088703989982605
0.340889573097229
0.34088581800460815
0.3408854603767395
0.34088584780693054
0.34088975191116333
0.3408867120742798
0.3408891260623932
0.3408878445625305
0.34088754653930664
0.3408863842487335
0.34090477228164673
0.34088775515556335
0.3408846855163574
0.3408855199813843
0.3408855199813843
0.340886652469635
0.34088417887687683
0.3408837914466858
0.34088486433029175
0.34088659286499023
0.34088486433029175
0.3408827483654022
0.34088367223739624
0.3408850431442261
0.34088224172592163
0.34088295698165894
0.3409046232700348
0.34088245034217834
0.3408825993537903
0.34088414907455444
0.3408813178539276
0.3408825993537903
0.3408852815628052
0.34088456630706787
0.3408798277378082
0.3408815860748291
0.34088438749313354
0.34088334441185
0.3408825695514679
0.3408814072608948
0.34088143706321716
0.34087929129600525
0.34088388085365295
0.3408815562725067
0.3408811092376709
0.3408818244934082
0.3408799171447754
0.34088069200515747
0.34088000655174255
0.3408799469470978
0.3408800959587097
0.3408803343772888
0.34087908267974854
0.3408792018890381
0.340893030166626
0.34087955951690674
0.3408809006214142
0.3408782482147217
0.3408789336681366
0.3408793807029724
0.3408777713775635
0.34088021516799927
0.340877503156662
0.34090960025787354
0.34088167548179626
0.3408794105052948
0.34088075160980225
0.34087884426116943
0.3408823609352112
0.34087932109832764
0.3408817648887634
0.34088003635406494
0.34088224172592163
0.3408793807029724
0.3408808708190918
0.3408806025981903
0.34087955951690674
0.3408798575401306
0.3408784866333008
0.34087735414505005
0.3408783972263336
0.34088099002838135
0.3408813178539276
0.3408772945404053
0.34087926149368286
0.3408771753311157
0.3408766984939575
0.34087657928466797
0.34087708592414856
0.34087467193603516
0.3408749997615814
0.3408767879009247
0.3408760726451874
0.340877890586853
0.34087568521499634
0.3408750593662262
0.34087514877319336
0.3408757150173187
0.34087419509887695
0.34087619185447693
0.34087514877319336
0.340874046087265
0.34087541699409485
0.3408757448196411
0.34087347984313965
0.3408740162849426
0.34087204933166504
0.3408716320991516
0.34087246656417847
0.3408741056919098
0.3408719003200531
0.34087273478507996
0.3408711552619934
0.34087085723876953
0.34087151288986206
0.34087154269218445
0.3408696949481964
0.34087106585502625
0.3408712148666382
0.3408713638782501
0.34087181091308594
0.3408709764480591
0.34087085723876953
0.34087345004081726
0.34086841344833374
0.34086915850639343
0.3408689498901367
0.3408687710762024
0.34087052941322327
0.3408697843551636
0.3408696949481964
0.34086930751800537
0.3408682644367218
0.34086766839027405
0.3408694267272949
0.34086883068084717
0.3408685326576233
0.34086939692497253
0.3408677577972412
0.3408677875995636
0.340866357088089
0.3408654034137726
0.3408668637275696
0.34086665511131287
0.34086740016937256
0.3408690094947815
0.34086769819259644
0.340867280960083
0.3408675193786621
0.3408665060997009
0.340866357088089
0.34086623787879944
0.34086787700653076
0.34086644649505615
0.34086668491363525
0.34086716175079346
0.34086599946022034
0.34086474776268005
0.3408659100532532
0.3408665060997009
0.3408651649951935
0.3408656418323517
0.3408658504486084
0.3408631682395935
0.3408651351928711
0.3408636450767517
0.3408651053905487
0.34086474776268005
0.3408639430999756
0.3408646881580353
0.3408650755882263
0.34086287021636963
0.3408642113208771
0.340862900018692
0.3408634662628174
0.3408629894256592
0.3408621549606323
0.34086284041404724
0.3408632278442383
0.3408636748790741
0.34086576104164124
0.3408631682395935
0.34086209535598755
0.34086281061172485
0.3408631980419159
0.34086379408836365
0.3408627212047577
0.3408627212047577
0.34086212515830994
0.340863436460495
0.34086164832115173
0.34086212515830994
0.34086036682128906
0.34086155891418457
0.3408621847629547
0.34086164832115173
0.3408610224723816
0.34086155891418457
0.3408607244491577
0.34086161851882935
0.3408607840538025
0.34086090326309204
0.3408619463443756
0.34086039662361145
0.34086117148399353
0.34086117148399353
0.34086108207702637
0.34085923433303833
0.3408583104610443
0.3408629596233368
0.3408587574958801
0.3408595025539398
0.3408587872982025
0.34085866808891296
0.34085899591445923
0.3408588469028473
0.3408573567867279
0.3408590257167816
0.340858519077301
0.3408595025539398
0.34085813164711
0.34085774421691895
0.34085753560066223
0.34085795283317566
0.340859055519104
0.3408593535423279
0.3408593237400055
0.3408573865890503
0.3408571481704712
0.3408583998680115
0.3408564031124115
0.34085753560066223
0.3408559262752533
0.34085696935653687
0.34085604548454285
0.3408567011356354
0.3408564031124115
0.3408569097518921
0.3408568799495697
0.34085482358932495
0.3408550024032593
0.340855211019516
0.34085747599601746
0.3408548831939697
0.34085607528686523
0.34085553884506226
0.3408545255661011
0.3408550024032593
0.34085410833358765
0.34085941314697266
0.34085410833358765
0.34085574746131897
0.34085342288017273
0.3408547639846802
0.3408547043800354
0.3408557176589966
0.3408545255661011
0.34085413813591003
0.340853214263916
0.3408559262752533
0.34085360169410706
0.34085458517074585
0.3408544957637787
0.3408603072166443
0.34085366129875183
0.34085261821746826
0.34085309505462646
0.34085196256637573
0.3408524692058563
0.3408553898334503
0.3408556580543518
0.34085291624069214
0.3408527672290802
0.3408548831939697
0.34085261821746826
0.34085261821746826
0.34085291624069214
0.3408522605895996
0.34085318446159363
0.3408519923686981
0.3408512771129608
0.3408520221710205
0.3408534824848175
0.340850293636322
0.3408508896827698
0.34085506200790405
0.34085094928741455
0.3408513367176056
0.3408510982990265
0.3408503532409668
0.34084975719451904
0.3408527374267578
0.34085017442703247
0.3408518135547638
0.34085121750831604
0.34085091948509216
0.34085142612457275
0.3408505916595459
0.3408494293689728
0.34084922075271606
0.34084993600845337
0.34084993600845337
0.3408508002758026
0.3408508598804474
0.3408495783805847
0.3408489525318146
0.34085068106651306
0.3408488929271698
0.3408491015434265
0.34084823727607727
0.340847909450531
0.34084948897361755
0.3408479392528534
0.34084826707839966
0.34084808826446533
0.34085145592689514
0.3408491611480713
0.3408479690551758
0.34084752202033997
0.34084856510162354
0.34084799885749817
0.3408477306365967
0.34084808826446533
0.34084662795066833
0.34084710478782654
0.34084761142730713
0.3408474326133728
0.34084782004356384
0.3408460319042206
0.34084659814834595
0.3408464789390564
0.34084638953208923
0.34084662795066833
0.3408472537994385
0.34084585309028625
0.3408457934856415
0.34084516763687134
0.3408460319042206
0.34084615111351013
0.3408462107181549
0.34084588289260864
0.3408452272415161
0.34084510803222656
0.34084486961364746
0.3408454656600952
0.34084561467170715
0.3408447504043579
0.34084582328796387
0.34084558486938477
0.3408450186252594
0.34084439277648926
0.34084397554397583
0.34084439277648926
0.3408460319042206
0.3408462405204773
0.34084463119506836
0.3408430814743042
0.34084436297416687
0.34084492921829224
0.34084352850914
0.3408442735671997
0.34084388613700867
0.34084492921829224
0.34084421396255493
0.34084367752075195
0.34084373712539673
0.34084299206733704
0.34084486961364746
0.34084323048591614
0.3408433496952057
0.34084320068359375
0.34084177017211914
0.3408427834510803
0.34084299206733704
0.340842068195343
0.3408438563346863
0.340842068195343
0.34084269404411316
0.34084242582321167
0.3408425450325012
0.3408421576023102
0.3408416509628296
0.34084227681159973
0.3408412039279938
0.3408423662185669
0.34084129333496094
0.34084275364875793
0.3408413529396057
0.3408411145210266
0.3408452868461609
0.34084057807922363
0.3408411145210266
0.3408413529396057
0.34084075689315796
0.3408411741256714
0.34084072709083557
0.3408399820327759
0.3408404290676117
0.3408401906490326
0.340840607881546
0.3408419191837311
0.34084054827690125
0.3408409655094147
0.3408404588699341
0.34084007143974304
0.34084153175354004
0.34084007143974304
0.3408394455909729
0.3408392071723938
0.34083908796310425
0.3408394753932953
0.34083935618400574
0.34083986282348633
0.3408384919166565
0.3408389687538147
0.3408392071723938
0.3408390283584595
0.3408401310443878
0.34083831310272217
0.3408396244049072
0.3408389985561371
0.34083884954452515
0.3408379852771759
0.3408377170562744
0.34083816409111023
0.34083783626556396
0.340838223695755
0.3408382534980774
0.34083789587020874
0.34083864092826843
0.3408389091491699
0.3408382833003998
0.34083837270736694
0.340839147567749
0.3408370018005371
0.34083670377731323
0.34083765745162964
0.34083935618400574
0.34083616733551025
0.3408379554748535
0.34083667397499084
0.34083887934684753
0.34083664417266846
0.3408362865447998
0.3408377468585968
0.3408365249633789
0.34083664417266846
0.34083646535873413
0.34083741903305054
0.3408356010913849
0.3408359885215759
0.3408362567424774
0.34083861112594604
0.34083595871925354
0.3408353924751282
0.34083595871925354
0.3408357799053192
0.3408362865447998
0.34083524346351624
0.34083497524261475
0.3408350944519043
0.3408356010913849
0.34083542227745056
0.340835839509964
0.34083646535873413
0.3408362567424774
0.3408348858356476
0.3408346176147461
0.34083428978919983
0.3408347964286804
0.3408360481262207
0.3408345580101013
0.34083423018455505
0.34083446860313416
0.3408344089984894
0.3408353328704834
0.34083330631256104
0.34083402156829834
0.3408346474170685
0.34083396196365356
0.340833842754364
0.3408338725566864
0.34083446860313416
0.34083428978919983
0.34083354473114014
0.3408358693122864
0.3408338129520416
0.34083297848701477
0.3408324718475342
0.34083300828933716
0.34083300828933716
0.34083306789398193
0.3408331573009491
0.34083303809165955
0.34083259105682373
0.3408328890800476
0.34083300828933716
0.34083303809165955
0.34083330631256104
0.34083181619644165
0.3408322036266327
0.3408328592777252
0.3408316671848297
0.3408317267894745
0.3408314883708954
0.3408331274986267
0.3408326804637909
0.34083229303359985
0.34083154797554016
0.3408317565917969
0.3408315181732178
0.34083104133605957
0.3408310115337372
0.3408311605453491
0.3408316373825073
0.3408312499523163
0.3408316373825073
0.3408314883708954
0.3408307731151581
0.3408309817314148
0.34083092212677
0.3408302664756775
0.3408302366733551
0.3408300280570984
0.3408304750919342
0.34083008766174316
0.34083184599876404
0.3408316671848297
0.3408304452896118
0.3408299684524536
0.3408298194408417
0.34083014726638794
0.3408299386501312
0.34082987904548645
0.34083032608032227
0.34083038568496704
0.34082871675491333
0.34082871675491333
0.3408295512199402
0.34082865715026855
0.34082868695259094
0.34082913398742676
0.34082910418510437
0.34082943201065063
0.34082910418510437
0.34082919359207153
0.3408287763595581
0.34082919359207153
0.34082865715026855
0.34083041548728943
0.340828001499176
0.3408282995223999
0.3408282995223999
0.3408285081386566
0.3408282995223999
0.3408288061618805
0.3408280611038208
0.3408278822898865
0.34082743525505066
0.3408277630805969
0.3408281207084656
0.3408275246620178
0.3408272862434387
0.34082841873168945
0.3408287763595581
0.3408278822898865
0.3408272862434387
0.3408268690109253
0.3408268988132477
0.3408270478248596
0.34082749485969543
0.3408266007900238
0.34082671999931335
0.3408264219760895
0.34082692861557007
0.34082695841789246
0.3408283293247223
0.34082701802253723
0.34082674980163574
0.3408260941505432
0.3408260643482208
0.3408265709877014
0.34082597494125366
0.3408268988132477
0.34082669019699097
0.34082648158073425
0.3408268392086029
0.340826153755188
0.3408260941505432
0.3408258855342865
0.3408268690109253
0.34082627296447754
0.3408256769180298
0.3408256769180298
0.34082546830177307
0.3408251106739044
0.3408254086971283
0.34082552790641785
0.3408253788948059
0.34082451462745667
0.3408254384994507
0.3408251702785492
0.3408249020576477
0.3408255875110626
0.3408246636390686
0.34082528948783875
0.34082475304603577
0.3408248722553253
0.3408244252204895
0.3408241868019104
0.3408238887786865
0.3408244252204895
0.34082403779029846
0.3408242464065552
0.34082433581352234
0.34082359075546265
0.3408241868019104
0.3408255875110626
0.3408242464065552
0.3408241868019104
0.34082430601119995
0.34082454442977905
0.3408237397670746
0.3408229947090149
0.34082305431365967
0.34082329273223877
0.34082335233688354
0.34082353115081787
0.34082290530204773
0.34082311391830444
0.3408236801624298
0.3408234417438507
0.3408234119415283
0.34082287549972534
0.3408234715461731
0.34082362055778503
0.34082287549972534
0.3408232033252716
0.34082281589508057
0.34082213044166565
0.3408221900463104
0.3408221900463104
0.34082266688346863
0.340822696685791
0.34082213044166565
0.3408227860927582
0.34082239866256714
0.34082555770874023
0.3408220410346985
0.3408220410346985
0.340821772813797
0.34082144498825073
0.3408224284648895
0.3408224582672119
0.3408224284648895
0.3408222198486328
0.3408210277557373
0.34082120656967163
0.34082168340682983
0.3408219814300537
0.3408218324184418
0.34082144498825073
0.34082114696502686
0.34082111716270447
0.3408204913139343
0.3408221900463104
0.3408213257789612
0.34082067012786865
0.34082138538360596
0.3408207297325134
0.3408206105232239
0.3408215343952179
0.34082022309303284
0.3408202528953552
0.34082043170928955
0.34082046151161194
0.3408205807209015
0.3408203721046448
0.3408195972442627
0.34082016348838806
0.340819388628006
0.3408198058605194
0.3408195972442627
0.34082016348838806
0.3408198058605194
0.3408200144767761
0.3408198952674866
0.34081947803497314
0.34081920981407166
0.3408193588256836
0.3408190906047821
0.3408190608024597
0.3408191502094269
0.3408196270465851
0.3408196270465851
0.34081974625587463
0.34081897139549255
0.340819388628006
0.34081897139549255
0.3408190608024597
0.3408195972442627
0.3408186435699463
0.3408195376396179
0.3408191204071045
0.340818852186203
0.34081920981407166
0.34081873297691345
0.34081941843032837
0.3408203721046448
0.34081828594207764
0.34082087874412537
0.3408181369304657
0.34082531929016113
0.3408185541629791
0.34081777930259705
0.3408183753490448
0.3408184349536896
0.34081801772117615
0.3408174514770508
0.34081798791885376
0.34081798791885376
0.34081798791885376
0.34081757068634033
0.3408178687095642
0.3408190906047821
0.3408171832561493
0.34081804752349854
0.34081730246543884
0.3408169746398926
0.3408171236515045
0.3408169150352478
0.340816855430603
0.34081774950027466
0.3408171534538269
0.3408171534538269
0.3408168852329254
0.3408171236515045
0.34081676602363586
0.34081700444221497
0.3408169150352478
0.34081873297691345
0.3408169448375702
0.3408166766166687
0.3408167064189911
0.3408161699771881
0.3408162593841553
0.34081682562828064
0.34081605076789856
0.3408161997795105
0.3408164978027344
0.34081578254699707
0.34081608057022095
0.34081652760505676
0.34081578254699707
0.340816468000412
0.34081605076789856
0.3408157229423523
0.3408155143260956
0.34081536531448364
0.34081536531448364
0.34081563353538513
0.34081506729125977
0.3408154547214508
0.34081584215164185
0.34081581234931946
0.34081488847732544
0.34081539511680603
0.34081515669822693
0.3408152461051941
0.34081485867500305
0.34081628918647766
0.3408146798610687
0.34081488847732544
0.34081482887268066
0.3408149778842926
0.3408146798610687
0.34081441164016724
0.34081459045410156
0.3408142328262329
0.3408142924308777
0.3408142924308777
0.3408147394657135
0.3408149182796478
0.34081459045410156
0.3408135771751404
0.34081369638442993
0.3408139944076538
0.3408142328262329
0.3408139944076538
0.34081438183784485
0.3408132791519165
0.3408137261867523
0.3408137559890747
0.34081321954727173
0.3408132791519165
0.34081363677978516
0.34081345796585083
0.34081342816352844
0.3408133387565613
0.3408130705356598
0.3408130407333374
0.34081292152404785
0.340813547372818
0.34081321954727173
0.3408128321170807
0.34081268310546875
0.34081268310546875
0.34081271290779114
0.3408123254776001
0.3408123850822449
0.34081342816352844
0.34081360697746277
0.34081247448921204
0.34081247448921204
0.3408122956752777
0.3408125042915344
0.3408127427101135
0.3408127725124359
0.3408125042915344
0.3408125936985016
0.3408121168613434
0.34081196784973145
0.34081220626831055
0.34081214666366577
0.34081172943115234
0.3408113718032837
0.34081199765205383
0.3408115804195404
0.3408118784427643
0.34081247448921204
0.34081166982650757
0.3408116102218628
0.34081146121025085
0.34081149101257324
0.34081101417541504
0.3408116400241852
0.3408111035823822
0.34081166982650757
0.3408108949661255
0.3408109247684479
0.3408106565475464
0.3408110439777374
0.34081119298934937
0.34081149101257324
0.3408111333847046
0.3408108651638031
0.34081244468688965
0.34081071615219116
0.34081095457077026
0.3408113420009613
0.34081071615219116
0.34081023931503296
0.3408104479312897
0.3408110737800598
0.34081196784973145
0.3408111035823822
0.340810090303421
0.34081020951271057
0.340810626745224
0.3408103585243225
0.3408108651638031
0.34081029891967773
0.3408108353614807
0.3408104479312897
0.34081006050109863
0.3408103883266449
0.34080970287323
0.3408101797103882
0.3408099114894867
0.3408099412918091
0.34080997109413147
0.34080979228019714
0.34081023931503296
0.34080958366394043
0.3408094346523285
0.3408094644546509
0.3408094346523285
0.34080925583839417
0.3408089876174927
0.34080934524536133
0.34080883860588074
0.34080958366394043
0.3408094346523285
0.34080880880355835
0.3408087491989136
0.34080982208251953
0.34080901741981506
0.3408086895942688
0.34080880880355835
0.34080934524536133
0.3408089280128479
0.3408081829547882
0.34080877900123596
0.3408087491989136
0.3408084213733673
0.3408089578151703
0.3408085107803345
0.3408085107803345
0.340808242559433
0.34080812335014343
0.34080904722213745
0.3408087491989136
0.3408084511756897
0.34080806374549866
0.3408080041408539
0.34080788493156433
0.34080901741981506
0.34080803394317627
0.34080779552459717
0.3408087193965912
0.3408074975013733
0.3408080041408539
0.3408074378967285
0.3408084511756897
0.3408076763153076
0.34080755710601807
0.34080740809440613
0.3408072590827942
0.3408072292804718
0.34080928564071655
0.34080755710601807
0.3408072590827942
0.3408080041408539
0.34080713987350464
0.34080782532691956
0.34080764651298523
0.3408069312572479
0.3408072888851166
0.3408070206642151
0.34080690145492554
0.34080708026885986
0.34080711007118225
0.34080690145492554
0.34080663323402405
0.34080663323402405
0.3408067226409912
0.34080711007118225
0.3408065736293793
0.3408069312572479
0.3408065736293793
0.3408064842224121
0.34080615639686584
0.3408069312572479
0.34080636501312256
0.34080642461776733
0.3408060371875763
0.3408065140247345
0.34080642461776733
0.3408060371875763
0.3408057689666748
0.34080609679222107
0.3408060073852539
0.3408059775829315
0.34080663323402405
0.3408064544200897
0.3408057987689972
0.34080594778060913
0.3408055603504181
0.34080591797828674
0.34080594778060913
0.3408052921295166
0.3408057391643524
0.34080567955970764
0.3408055901527405
0.34080564975738525
0.34080520272254944
0.34080520272254944
0.3408055603504181
0.3408052623271942
0.3408052623271942
0.3408052325248718
0.3408052921295166
0.3408050239086151
0.3408059775829315
0.34080472588539124
0.34080490469932556
0.3408048748970032
0.3408046066761017
0.3408048748970032
0.3408048748970032
0.340804785490036
0.34080466628074646
0.3408062160015106
0.3408057689666748
0.34080421924591064
0.34080424904823303
0.3408041298389435
0.3408043682575226
0.3408048450946808
0.3408043682575226
0.34080424904823303
0.3408038914203644
0.34080401062965393
0.34080398082733154
0.34080395102500916
0.34080401062965393
0.34080374240875244
0.3408047556877136
0.34080514311790466
0.34080371260643005
0.3408035933971405
0.3408038318157196
0.34080415964126587
0.3408035337924957
0.34080377221107483
0.3408035337924957
0.3408035337924957
0.3408032953739166
0.3408031463623047
0.34080296754837036
0.34080368280410767
0.34080368280410767
0.3408030867576599
0.3408032953739166
0.34080424904823303
0.34080320596694946
0.34080302715301514
0.3408031165599823
0.3408030569553375
0.3408028483390808
0.3408031165599823
0.34080275893211365
0.34080299735069275
0.340803325176239
0.3408028483390808
0.34080252051353455
0.3408026099205017
0.34080269932746887
0.3408023416996002
0.3408026099205017
0.34080350399017334
0.3408026099205017
0.34080323576927185
0.3408023416996002
0.3408025801181793
0.3408026397228241
0.340803325176239
0.34080246090888977
0.3408024311065674
0.34080231189727783
0.34080231189727783
0.34080222249031067
0.3408021628856659
0.34080296754837036
0.3408028781414032
0.34080275893211365
0.3408016860485077
0.34080323576927185
0.34080180525779724
0.34080225229263306
0.3408015966415405
0.34080150723457336
0.3408023715019226
0.3408014476299286
0.3408016860485077
0.34080109000205994
0.3408014178276062
0.340801477432251
0.34080198407173157
0.3408013582229614
0.34080150723457336
0.34080177545547485
0.3408015966415405
0.3408011198043823
0.34080109000205994
0.3408006429672241
0.3408011794090271
0.3408009707927704
0.3408011496067047
0.340800940990448
0.3408009707927704
0.34080106019973755
0.3408014178276062
0.3408006429672241
0.3408012092113495
0.34080061316490173
0.3408004939556122
0.34080028533935547
0.3408010005950928
0.34080052375793457
0.34080031514167786
0.3408006727695465
0.34080052375793457
0.3408016860485077
0.34080076217651367
0.34080010652542114
0.34080010652542114
0.340800404548645
0.34080028533935547
0.3407999873161316
0.3407999575138092
0.34080031514167786
0.34080052375793457
0.3408001661300659
0.34079957008361816
0.3408001661300659
0.34080010652542114
0.34080031514167786
0.34079989790916443
0.3407999277114868
0.34079962968826294
0.3407996892929077
0.34079959988594055
0.3407996892929077
0.34079962968826294
0.34079989790916443
0.3407996892929077
0.34079933166503906
0.34079959988594055
0.3407993018627167
0.3407989740371704
0.3407992720603943
0.3408001661300659
0.3407990336418152
0.34079915285110474
0.3407992422580719
0.34079891443252563
0.3407990336418152
0.34079888463020325
0.3407990336418152
0.3407992720603943
0.34079891443252563
0.3407989740371704
0.3407991826534271
0.34079957008361816
0.34079888463020325
0.3407987058162689
0.3407989740371704
0.3407987058162689
0.3407982885837555
0.34079885482788086
0.3407984673976898
0.3407985270023346
0.34079867601394653
0.3407987654209137
0.3407987952232361
0.34079840779304504
0.3407987356185913
0.34079819917678833
0.3407982885837555
0.34079810976982117
0.34079834818840027
0.34079790115356445
0.3407978415489197
0.3407977819442749
0.3407979905605316
0.34079766273498535
0.34079810976982117
0.34079796075820923
0.34079819917678833
0.3407977223396301
0.3407979905605316
0.3407982289791107
0.3407976031303406
0.3407978117465973
0.3407976031303406
0.34079819917678833
0.340797483921051
0.3407975435256958
0.3407975733280182
0.3407978415489197
0.3407976031303406
0.3407972753047943
0.3407975137233734
0.34079709649086
0.3407973647117615
0.34079718589782715
0.3407973647117615
0.34079721570014954
0.3407975435256958
0.3407973349094391
0.3407970666885376
0.3407971262931824
0.3407973647117615
0.3407970666885376
0.34079787135124207
0.3407970666885376
0.34079691767692566
0.34079721570014954
0.3407971262931824
0.3407970666885376
0.3407965302467346
0.34079742431640625
0.34079644083976746
0.3407970070838928
0.34079688787460327
0.34079718589782715
0.34079667925834656
0.3407967686653137
0.34079667925834656
0.3407962918281555
0.3407963514328003
0.3407963514328003
0.3407963514328003
0.3407973051071167
0.3407961130142212
0.34079694747924805
0.34079593420028687
0.3407967686653137
0.3407961428165436
0.3407960534095764
0.3407961428165436
0.34079599380493164
0.34079593420028687
0.34079593420028687
0.3407961428165436
0.3407960832118988
0.3407961130142212
0.3407958447933197
0.3407956659793854
0.34079593420028687
0.34079575538635254
0.34079575538635254
0.3407960534095764
0.34079548716545105
0.34079575538635254
0.34079569578170776
0.3407958447933197
0.34079545736312866
0.3407965302467346
0.3407953679561615
0.3407953083515167
0.34079527854919434
0.3407955765724182
0.34079551696777344
0.34079521894454956
0.3407950699329376
0.3407950699329376
0.34079569578170776
0.3407950699329376
0.34079524874687195
0.3407951891422272
0.34079524874687195
0.34079521894454956
0.3407951891422272
0.34079501032829285
0.34079527854919434
0.34079477190971375
0.34079474210739136
0.3407948911190033
0.3407946228981018
0.34079477190971375
0.3407951295375824
0.3407946527004242
0.34079480171203613
0.3407946228981018
0.34079471230506897
0.3407950699329376
0.3407946527004242
0.34079450368881226
0.3407946527004242
0.34079527854919434
0.3407944440841675
0.34079432487487793
0.3407951593399048
0.34079423546791077
0.34079426527023315
0.34079423546791077
0.34079408645629883
0.34079432487487793
0.3407944142818451
0.34079408645629883
0.3407939374446869
0.34079408645629883
0.3407939672470093
0.34079423546791077
0.340793639421463
0.34079426527023315
0.34079399704933167
0.3407943844795227
0.3407944440841675
0.3407941162586212
0.34079423546791077
0.3407936096191406
0.34079355001449585
0.34079357981681824
0.34079375863075256
0.3407934010028839
0.34079355001449585
0.3407936990261078
0.3407936990261078
0.34079328179359436
0.3407933712005615
0.34079378843307495
0.3407934606075287
0.3407932221889496
0.340793639421463
0.3407931327819824
0.34079375863075256
0.340793251991272
0.3407929539680481
0.3407931923866272
0.3407929539680481
0.34079357981681824
0.34079310297966003
0.34079280495643616
0.34079307317733765
0.34079357981681824
0.34079304337501526
0.34079286456108093
0.34079307317733765
0.34079283475875854
0.3407928943634033
0.34079262614250183
0.34079286456108093
0.34079277515411377
0.34079259634017944
0.3407926857471466
0.3407927453517914
0.3407931327819824
0.3407924771308899
0.34079229831695557
0.3407926857471466
0.34079229831695557
0.3407922089099884
0.3407924473285675
0.3407922685146332
0.34079229831695557
0.34079214930534363
0.3407924771308899
0.3407922685146332
0.34079277515411377
0.3407925069332123
0.3407925069332123
0.34079235792160034
0.3407922387123108
0.34079188108444214
0.340792179107666
0.34079188108444214
0.3407917320728302
0.34079185128211975
0.34079188108444214
0.3407920002937317
0.3407917320728302
0.3407917618751526
0.3407914936542511
0.3407915234565735
0.3407919406890869
0.34079161286354065
0.34079161286354065
0.34079182147979736
0.3407920002937317
0.3407919704914093
0.34079140424728394
0.34079182147979736
0.3407920002937317
0.34079158306121826
0.3407915234565735
0.3407914936542511
0.3407914936542511
0.3407912254333496
0.34079113602638245
0.34079116582870483
0.3407912254333496
0.34079185128211975
0.3407915234565735
0.3407911956310272
0.3407911956310272
0.3407909870147705
0.34079134464263916
0.3407912254333496
0.3407910168170929
0.34079107642173767
0.3407912850379944
0.34079086780548096
0.3407908082008362
0.3407909572124481
0.3407908082008362
0.3407909870147705
0.34079068899154663
0.340790718793869
0.34079113602638245
0.3407907485961914
0.34079068899154663
0.34079059958457947
0.3407907783985138
0.3407905101776123
0.34079089760780334
0.3407905101776123
0.3407903015613556
0.3407902419567108
0.34079065918922424
0.3407902121543884
0.340790331363678
0.340790331363678
0.3407910466194153
0.34079042077064514
0.34079015254974365
0.3407900631427765
0.3407902717590332
0.3407900333404541
0.3407902121543884
0.3407900929450989
0.3407903015613556
0.34078988432884216
0.34079015254974365
0.3407898247241974
0.34079107642173767
0.340789794921875
0.34078991413116455
0.3407902419567108
0.3407902717590332
0.340789794921875
0.34078970551490784
0.34078994393348694
0.3407902419567108
0.3407897353172302
0.3407894968986511
0.3407895267009735
0.3407897353172302
0.3407895565032959
0.34078943729400635
0.3407894968986511
0.3407893180847168
0.3407893180847168
0.34079018235206604
0.3407895565032959
0.34078943729400635
0.34078946709632874
0.3407893478870392
0.340789794921875
0.3407893776893616
0.3407892882823944
0.340789258480072
0.340789258480072
0.340789258480072
0.34078919887542725
0.3407893180847168
0.34078916907310486
0.34078916907310486
0.3407890796661377
0.3407890498638153
0.34078919887542725
0.34078875184059143
0.34078893065452576
0.34078913927078247
0.3407890796661377
0.3407890498638153
0.340788871049881
0.3407888412475586
0.34078899025917053
0.34078893065452576
0.34078866243362427
0.3407890796661377
0.3407886028289795
0.3407886028289795
0.3407888114452362
0.3407883644104004
0.3407886028289795
0.340788334608078
0.34078875184059143
0.340788334608078
0.3407886028289795
0.3407883644104004
0.34078842401504517
0.34078824520111084
0.34078824520111084
0.340788334608078
0.3407880961894989
0.3407883644104004
0.34078848361968994
0.34078842401504517
0.3407885432243347
0.3407883048057556
0.3407880365848541
0.34078821539878845
0.3407880663871765
0.3407881557941437
0.3407880365848541
0.3407881259918213
0.34078800678253174
0.3407879173755646
0.34078800678253174
0.3407880663871765
0.3407880961894989
0.3407881557941437
0.34078776836395264
0.3407880961894989
0.340787798166275
0.340787798166275
0.34078794717788696
0.34078776836395264
0.34078752994537354
0.34078773856163025
0.3407878577709198
0.34078770875930786
0.34078776836395264
0.340787410736084
0.3407883644104004
0.34078747034072876
0.34078726172447205
0.3407876193523407
0.34078752994537354
0.34078729152679443
0.34078720211982727
0.34078797698020935
0.34078729152679443
0.3407873213291168
0.34078729152679443
0.34078720211982727
0.34078729152679443
0.34078702330589294
0.34078747034072876
0.34078776836395264
0.3407868444919586
0.3407871723175049
0.34078726172447205
0.3407871127128601
0.3407869338989258
0.3407869338989258
0.34078705310821533
0.3407873809337616
0.34078678488731384
0.3407873213291168
0.3407868444919586
0.34078705310821533
0.34078705310821533
0.34078699350357056
0.34078720211982727
0.3407871127128601
0.3407868444919586
0.34078681468963623
0.34078675508499146
0.34078726172447205
0.340786874294281
0.3407863676548004
0.34078657627105713
0.3407864272594452
0.34078651666641235
0.3407869040966034
0.3407876491546631
0.3407863676548004
0.34078651666641235
0.34078627824783325
0.34078648686408997
0.3407862186431885
0.3407862186431885
0.3407863676548004
0.3407862186431885
0.3407861292362213
0.3407861888408661
0.3407864272594452
0.34078603982925415
0.3407863974571228
0.340785950422287
0.34078603982925415
0.34078630805015564
0.3407861590385437
0.3407861590385437
0.34078630805015564
0.3407859802246094
0.3407859206199646
0.34078583121299744
0.34078583121299744
0.3407859802246094
0.3407859206199646
0.34078577160835266
0.3407857418060303
0.34078556299209595
0.340785950422287
0.3407859206199646
0.34078624844551086
0.34078577160835266
0.34078550338745117
0.3407856225967407
0.3407854437828064
0.3407857418060303
0.3407856225967407
0.3407854437828064
0.3407856523990631
0.34078577160835266
0.34078603982925415
0.3407854437828064
0.34078535437583923
0.34078535437583923
0.3407851755619049
0.3407853841781616
0.34078532457351685
0.3407851457595825
0.34078529477119446
0.3407854735851288
0.3407851457595825
0.34078508615493774
0.3407852053642273
0.34078505635261536
0.34078508615493774
0.34078502655029297
0.3407851457595825
0.34078478813171387
0.34078508615493774
0.3407851457595825
0.34078508615493774
0.3407849073410034
0.34078484773635864
0.3407849073410034
0.3407857418060303
0.34078502655029297
0.3407849967479706
0.34078478813171387
0.34078502655029297
0.34078460931777954
0.34078487753868103
0.34078484773635864
0.3407851755619049
0.34078463912010193
0.34078478813171387
0.3407846689224243
0.3407844603061676
0.3407849669456482
0.3407845199108124
0.3407844603061676
0.3407845199108124
0.3407845199108124
0.3407847583293915
0.34078437089920044
0.3407842516899109
0.3407842516899109
0.34078508615493774
0.3407842814922333
0.3407854437828064
0.3407842814922333
0.34078457951545715
0.3407840132713318
0.34078437089920044
0.3407841622829437
0.3407842814922333
0.3407842218875885
0.34078413248062134
0.3407840132713318
0.34078407287597656
0.34078389406204224
0.340783953666687
0.34078389406204224
0.34078407287597656
0.3407840132713318
0.3407836854457855
0.3407839238643646
0.3407839238643646
0.34078365564346313
0.3407840430736542
0.34078383445739746
0.3407838046550751
0.3407839238643646
0.34078362584114075
0.3407837152481079
0.3407840132713318
0.34078434109687805
0.3407838046550751
0.34078356623649597
0.3407835364341736
0.34078365564346313
0.3407835066318512
0.34078362584114075
0.3407835364341736
0.3407834470272064
0.34078341722488403
0.3407837450504303
0.34078341722488403
0.34078341722488403
0.3407832980155945
0.3407834768295288
0.3407832384109497
0.3407835364341736
0.34078359603881836
0.34078317880630493
0.34078332781791687
0.3407832086086273
0.34078365564346313
0.34078341722488403
0.34078308939933777
0.3407832086086273
0.34078317880630493
0.3407830595970154
0.3407829999923706
0.3407829701900482
0.34078314900398254
0.34078314900398254
0.34078314900398254
0.34078288078308105
0.34078288078308105
0.34078294038772583
0.3407829999923706
0.34078291058540344
0.34078314900398254
0.3407829701900482
0.3407827615737915
0.34078311920166016
0.34078270196914673
0.34078261256217957
0.34078270196914673
0.3407827913761139
0.3407834470272064
0.3407825827598572
0.34078270196914673
0.34078270196914673
0.3407824635505676
0.3407829701900482
0.3407827317714691
0.34078261256217957
0.34078249335289
0.3407823443412781
0.3407827615737915
0.34078243374824524
0.3407824635505676
0.34078237414360046
0.34078249335289
0.34078267216682434
0.34078270196914673
0.34078237414360046
0.34078240394592285
0.3407827317714691
0.3407822251319885
0.34078264236450195
0.3407822847366333
0.3407825231552124
0.3407822847366333
0.3407819867134094
0.34078267216682434
0.3407823443412781
0.34078219532966614
0.34078216552734375
0.3407820165157318
0.3407823443412781
0.3407820463180542
0.3407820463180542
0.34078189730644226
0.3407819867134094
0.3407820761203766
0.34078192710876465
0.3407818078994751
0.3407818377017975
0.3407818675041199
0.34078192710876465
0.34078189730644226
0.34078168869018555
0.3407818078994751
0.3407817780971527
0.3407817780971527
0.3407815992832184
0.3407817482948303
0.34078165888786316
0.34078189730644226
0.3407815396785736
0.3407815992832184
0.34078165888786316
0.3407813310623169
0.3407815396785736
0.34078162908554077
0.34078145027160645
0.3407815098762512
0.34078139066696167
0.3407817482948303
0.34078142046928406
0.34078148007392883
0.3407813608646393
0.340781569480896
0.3407815992832184
0.34078121185302734
0.3407815992832184
0.3407812714576721
0.3407812714576721
