1.4956196546554565
1.4119009971618652
1.29752779006958
1.2520358562469482
1.178207278251648
1.1493326425552368
1.0980533361434937
1.0570175647735596
1.0340094566345215
1.0023584365844727
0.9761574864387512
0.9530190229415894
0.930368185043335
0.8945571780204773
0.872352123260498
0.8428966403007507
0.8369635343551636
0.8006482124328613
0.8143659234046936
0.7791717052459717
0.7792196869850159
0.7582955956459045
0.7445854544639587
0.7261114716529846
0.7248888611793518
0.7220332622528076
0.7033342123031616
0.7017968893051147
0.6884112358093262
0.677338182926178
0.6713375449180603
0.6580795645713806
0.6580116748809814
0.644636869430542
0.6421201229095459
0.642398476600647
0.6225895285606384
0.631250262260437
0.6168467402458191
0.6570039987564087
0.6262514591217041
0.6101982593536377
0.6238070726394653
0.6272674798965454
0.6199676990509033
0.6088078022003174
0.6013033986091614
0.5892610549926758
0.5820783376693726
0.5942835211753845
0.5774455070495605
0.5901308059692383
0.5747742056846619
0.571625292301178
0.576435923576355
0.5665110349655151
0.5722880959510803
0.5586231350898743
0.5528119802474976
0.5769864320755005
0.5469622015953064
0.5553984642028809
0.5465018153190613
0.5450897812843323
0.5439611673355103
0.5576130151748657
0.5348869562149048
0.5313514471054077
0.5282676815986633
0.52738356590271
0.5301870703697205
0.5223737359046936
0.5287487506866455
0.5318285226821899
0.5225788950920105
0.520369291305542
0.5164436101913452
0.5100197792053223
0.5213770270347595
0.5252204537391663
0.5060024261474609
0.5227673649787903
0.5144710540771484
0.503186047077179
0.5009173154830933
0.5060928463935852
0.502173900604248
0.4987215995788574
0.49844056367874146
0.5053927898406982
0.5012608170509338
0.4952097535133362
0.4949595332145691
0.4886029064655304
0.4995262622833252
0.49372968077659607
0.49106565117836
0.5300242304801941
0.48476260900497437
0.5013747811317444
0.4880283772945404
0.49174612760543823
0.49458494782447815
0.498136967420578
0.4909719228744507
0.4863072633743286
0.4801194667816162
0.48604750633239746
0.48241671919822693
0.48715513944625854
0.4788688123226166
0.4805227220058441
0.4822905361652374
0.4765257239341736
0.481197714805603
0.47801849246025085
0.4743477404117584
0.48293575644493103
0.4749002456665039
0.4724857211112976
0.4708896279335022
0.4686669707298279
0.4657716751098633
0.47189563512802124
0.46425294876098633
0.4669531583786011
0.46093952655792236
0.46204134821891785
0.4659932255744934
0.4596121907234192
0.45993298292160034
0.4632619619369507
0.46091800928115845
0.45385265350341797
0.455613374710083
0.455100417137146
0.45713722705841064
0.45607897639274597
0.45624643564224243
0.4504077434539795
0.4603606164455414
0.45440781116485596
0.4510577917098999
0.45628052949905396
0.44698336720466614
0.4460299611091614
0.4489729702472687
0.445563405752182
0.4455535411834717
0.4424956440925598
0.4421677589416504
0.4462701678276062
0.44691142439842224
0.44397231936454773
0.44657576084136963
0.44073498249053955
0.43944051861763
0.43792617321014404
0.4398450255393982
0.4378347098827362
0.43682292103767395
0.44250935316085815
0.43647491931915283
0.4362910985946655
0.445138543844223
0.4415171444416046
0.4524194598197937
0.45336854457855225
0.44962549209594727
0.4443417191505432
0.4437347650527954
0.440670371055603
0.4432407021522522
0.4401680529117584
0.43855905532836914
0.4403848946094513
0.44119852781295776
0.43714699149131775
0.4368124008178711
0.4389517605304718
0.43460166454315186
0.43999597430229187
0.4341332018375397
0.4307716488838196
0.4363413453102112
0.4283798038959503
0.43116939067840576
0.43047887086868286
0.4323398768901825
0.43070000410079956
0.42985185980796814
0.42721256613731384
0.4262368083000183
0.42636430263519287
0.4262283444404602
0.4250931441783905
0.42584750056266785
0.42233482003211975
0.42166027426719666
0.422806978225708
0.42279332876205444
0.4325452148914337
0.42352980375289917
0.4200826585292816
0.4262281060218811
0.4244450628757477
0.421874463558197
0.42036256194114685
0.42293715476989746
0.4197176396846771
0.4187077283859253
0.4187055826187134
0.415649950504303
0.41772377490997314
0.41884952783584595
0.41645297408103943
0.4155965745449066
0.4185657203197479
0.417581707239151
0.414196252822876
0.4155348241329193
0.41382986307144165
0.4185069501399994
0.41227275133132935
0.4160873293876648
0.41583922505378723
0.4132520854473114
0.4110475778579712
0.4123104214668274
0.4116535186767578
0.41195836663246155
0.4095330238342285
0.41072091460227966
0.411911278963089
0.4115724563598633
0.42326605319976807
0.4101444184780121
0.4106360971927643
0.4109128415584564
0.41130387783050537
0.41125181317329407
0.41398200392723083
0.4140121042728424
0.4126702845096588
0.4077882170677185
0.40403997898101807
0.42192983627319336
0.4054504632949829
0.4104299247264862
0.40956375002861023
0.4076608419418335
0.4071975350379944
0.4073795974254608
0.4077394902706146
0.40701133012771606
0.4059571623802185
0.4069958031177521
0.40974172949790955
0.4049513339996338
0.40559154748916626
0.41074639558792114
0.4070369601249695
0.40680772066116333
0.40099000930786133
0.40186607837677
0.4018988013267517
0.4209704101085663
0.41256701946258545
0.41731569170951843
0.41614818572998047
0.4213687777519226
0.4119422137737274
0.4178500473499298
0.42332980036735535
0.43467220664024353
0.4413277506828308
0.4135340452194214
0.4243234694004059
0.4170584976673126
0.41310280561447144
0.4067161977291107
0.4091438949108124
0.41694700717926025
0.40754735469818115
0.4096011519432068
0.4108942747116089
0.4039064347743988
0.40187036991119385
0.40028440952301025
0.4035088121891022
0.4028826951980591
0.4013618528842926
0.40359261631965637
0.40258195996284485
0.40210509300231934
0.4018150866031647
0.4037350118160248
0.39498910307884216
0.39841198921203613
0.3984586298465729
0.3959899842739105
0.40978455543518066
0.39635729789733887
0.39473074674606323
0.3945937156677246
0.3950425982475281
0.3949640393257141
0.40131938457489014
0.3995267152786255
0.40027251839637756
0.3958853483200073
0.39469853043556213
0.3930600881576538
0.39606326818466187
0.39529526233673096
0.3916824460029602
0.3902912139892578
0.3910248577594757
0.3924610912799835
0.39663222432136536
0.39232468605041504
0.3913915157318115
0.3894493579864502
0.3912075459957123
0.3904554545879364
0.39254385232925415
0.3936556279659271
0.38896244764328003
0.38949668407440186
0.39117223024368286
0.39058762788772583
0.3885897099971771
0.38981980085372925
0.39090248942375183
0.39155903458595276
0.3915975093841553
0.39122095704078674
0.3910430073738098
0.3940172791481018
0.3877589702606201
0.3876606523990631
0.3907448351383209
0.38680610060691833
0.38513246178627014
0.3886208236217499
0.38797685503959656
0.38464152812957764
0.38399243354797363
0.3888741135597229
0.3900894224643707
0.3841962218284607
0.38687628507614136
0.3856695294380188
0.38958045840263367
0.38323694467544556
0.3853757381439209
0.38474801182746887
0.3847428560256958
0.3848031163215637
0.3845854699611664
0.384147584438324
0.3843834400177002
0.3858684301376343
0.3841027319431305
0.3871298134326935
0.3808329701423645
0.38368797302246094
0.3839084208011627
0.3828829526901245
0.3819316625595093
0.3825722336769104
0.38318106532096863
0.38290107250213623
0.38355207443237305
0.3807644844055176
0.3812691569328308
0.383614718914032
0.3822171092033386
0.3798808753490448
0.37870001792907715
0.38004109263420105
0.3812140226364136
0.37889087200164795
0.37992262840270996
0.3785130977630615
0.38103505969047546
0.377754271030426
0.3781627416610718
0.3788166642189026
0.38256871700286865
0.3792557120323181
0.37909480929374695
0.3776022493839264
0.37835177779197693
0.37751415371894836
0.37580588459968567
0.3761165738105774
0.3765725791454315
0.37522152066230774
0.37545400857925415
0.37690839171409607
0.37554606795310974
0.3768236041069031
0.3753059506416321
0.3763059377670288
0.376499742269516
0.3763355314731598
0.3754914402961731
0.37615635991096497
0.3778124451637268
0.37393903732299805
0.3767196834087372
0.37449175119400024
0.3769950568675995
0.3755575716495514
0.3743823766708374
0.37392911314964294
0.3742024302482605
0.37391534447669983
0.3747180104255676
0.373521625995636
0.37634289264678955
0.3754684627056122
0.3734898269176483
0.3730229437351227
0.3734227418899536
0.3736892640590668
0.3730548918247223
0.37255609035491943
0.3723675608634949
0.3734484016895294
0.3760753273963928
0.3763500452041626
0.3722868859767914
0.3746856451034546
0.3754064440727234
0.37845709919929504
0.3758491575717926
0.3743303418159485
0.37498173117637634
0.3726036548614502
0.3715541958808899
0.3730473816394806
0.3739747405052185
0.3741982877254486
0.37050768733024597
0.3712367117404938
0.37109750509262085
0.37256062030792236
0.37112852931022644
0.37114888429641724
0.37072616815567017
0.3710111081600189
0.37021663784980774
0.37140119075775146
0.37043488025665283
0.3702087700366974
0.3709936738014221
0.3706895709037781
0.3724803626537323
0.3700932562351227
0.36968469619750977
0.37085530161857605
0.37003347277641296
0.36985886096954346
0.36975955963134766
0.368743896484375
0.36895430088043213
0.3681475520133972
0.37043535709381104
0.36741283535957336
0.3714386224746704
0.368584543466568
0.3682045638561249
0.36908942461013794
0.3680395483970642
0.3679497241973877
0.3687128722667694
0.3719790279865265
0.367095947265625
0.3666057288646698
0.3669307827949524
0.3736100196838379
0.36873170733451843
0.3783609867095947
0.3724513351917267
0.37915095686912537
0.3767058849334717
0.3717656433582306
0.3721284866333008
0.3705178499221802
0.36865848302841187
0.3786775469779968
0.37060752511024475
0.3697100281715393
0.37839674949645996
0.3741229176521301
0.37234729528427124
0.39813312888145447
0.37299656867980957
0.37189310789108276
0.37517619132995605
0.37541165947914124
0.37104353308677673
0.36996209621429443
0.37340283393859863
0.37325823307037354
0.37193024158477783
0.3710568845272064
0.3698866069316864
0.36829760670661926
0.36921221017837524
0.3708081841468811
0.3687168061733246
0.3696385622024536
0.3706815242767334
0.36599281430244446
0.36881691217422485
0.36975768208503723
0.36899757385253906
0.3659982681274414
0.3682086169719696
0.3663916289806366
0.36991363763809204
0.36617496609687805
0.37068966031074524
0.36640653014183044
0.3721792995929718
0.3673248887062073
0.37005797028541565
0.3689673840999603
0.3681710362434387
0.36521947383880615
0.3652045428752899
0.3687725365161896
0.3641180396080017
0.36680394411087036
0.3655650317668915
0.36377131938934326
0.3644457757472992
0.3651432394981384
0.36551135778427124
0.364614874124527
0.366205632686615
0.3651164472103119
0.36496663093566895
0.36476725339889526
0.36575397849082947
0.36361268162727356
0.36490219831466675
0.36451244354248047
0.3637109696865082
0.3630506992340088
0.36365407705307007
0.3641592562198639
0.36459362506866455
0.3670620620250702
0.3646911680698395
0.3624735176563263
0.3653639554977417
0.36155420541763306
0.3620200753211975
0.36219727993011475
0.362955242395401
0.3640884757041931
0.3615870773792267
0.3616907000541687
0.3630019426345825
0.3631156384944916
0.361071914434433
0.36294546723365784
0.3619688153266907
0.36229774355888367
0.36152151226997375
0.3609221577644348
0.3615415096282959
0.36264437437057495
0.3626224398612976
0.36068791151046753
0.3616846799850464
0.36131489276885986
0.360247403383255
0.3625846207141876
0.36081862449645996
0.36084988713264465
0.36004671454429626
0.35983479022979736
0.35939791798591614
0.3601148724555969
0.3606988489627838
0.3611944913864136
0.3592090606689453
0.3610040247440338
0.35969316959381104
0.3603987693786621
0.36127030849456787
0.3645687997341156
0.36328333616256714
0.3619425296783447
0.36189574003219604
0.3637971878051758
0.363362193107605
0.3612954020500183
0.36036887764930725
0.35957932472229004
0.3624001741409302
0.3647696077823639
0.3596789538860321
0.3612609803676605
0.3607674837112427
0.359799325466156
0.3603699207305908
0.3615368902683258
0.35972854495048523
0.3599197566509247
0.35956186056137085
0.3597114384174347
0.36032670736312866
0.35961902141571045
0.36059707403182983
0.3590995669364929
0.35908281803131104
0.3591248095035553
0.36024171113967896
0.35837462544441223
0.35813626646995544
0.3604595959186554
0.35851332545280457
0.3587731719017029
0.3609939515590668
0.35811445116996765
0.3589455485343933
0.3580167889595032
0.35799410939216614
0.35745754837989807
0.3573293685913086
0.3586968779563904
0.35815882682800293
0.3576112389564514
0.35717490315437317
0.357404887676239
0.35690948367118835
0.3570282459259033
0.35836678743362427
0.3575310707092285
0.35751277208328247
0.3565704822540283
0.356837660074234
0.3559597432613373
0.35772520303726196
0.3567076325416565
0.3558318018913269
0.35600048303604126
0.3568378984928131
0.3566074073314667
0.3561288118362427
0.3575790524482727
0.35675808787345886
0.3558535575866699
0.3567477762699127
0.3580017685890198
0.3559858202934265
0.35693591833114624
0.3568043112754822
0.3562219440937042
0.3577110171318054
0.3595587909221649
0.35972023010253906
0.3594605028629303
0.35781216621398926
0.3561948239803314
0.3570055067539215
0.3562964200973511
0.355413019657135
0.3555835485458374
0.3567378520965576
0.3545040190219879
0.35574233531951904
0.36470645666122437
0.3613283634185791
0.3745575547218323
0.3668631613254547
0.37606650590896606
0.38641980290412903
0.37193015217781067
0.38854026794433594
0.3898426294326782
0.3833422362804413
0.3788614869117737
0.38061755895614624
0.3931431472301483
0.3643837571144104
0.36314690113067627
0.3607642650604248
0.36370858550071716
0.35914427042007446
0.3614833950996399
0.36001887917518616
0.35837918519973755
0.3588055968284607
0.3550419807434082
0.35731664299964905
0.35911640524864197
0.3576672077178955
0.35984739661216736
0.3556549847126007
0.35713520646095276
0.35626739263534546
0.35641899704933167
0.36084896326065063
0.3554578125476837
0.35518407821655273
0.3582340478897095
0.35536301136016846
0.3570346236228943
0.3552558720111847
0.35568952560424805
0.35604265332221985
0.3559839129447937
0.35701730847358704
0.35453203320503235
0.35797104239463806
0.3566189706325531
0.3571426272392273
0.35427719354629517
0.35431528091430664
0.3545234501361847
0.35540857911109924
0.35551631450653076
0.3580407202243805
0.35636281967163086
0.3543710708618164
0.35493335127830505
0.3554094135761261
0.35451433062553406
0.3566182553768158
0.35600075125694275
0.35541239380836487
0.35628461837768555
0.3561726212501526
0.3598330616950989
0.35718047618865967
0.3543764054775238
0.3560297191143036
0.35678768157958984
0.3570187985897064
0.35809341073036194
0.355881005525589
0.35488981008529663
0.35924503207206726
0.35376209020614624
0.3571767508983612
0.35503560304641724
0.3570542335510254
0.35519370436668396
0.35347217321395874
0.35379165410995483
0.3553149700164795
0.35493335127830505
0.35402750968933105
0.3551100492477417
0.35316532850265503
0.3547133505344391
0.35462912917137146
0.3537656366825104
0.35354095697402954
0.3537776470184326
0.3538157641887665
0.3555408716201782
0.3539683520793915
0.3527752459049225
0.3538012206554413
0.35400867462158203
0.3536111116409302
0.35279399156570435
0.3536604344844818
0.3534284234046936
0.35248079895973206
0.3539459705352783
0.353536456823349
0.3521899878978729
0.3530152440071106
0.35225147008895874
0.3536662757396698
0.35208144783973694
0.35131192207336426
0.35136979818344116
0.35182762145996094
0.35207393765449524
0.35278788208961487
0.35308393836021423
0.35415118932724
0.35489821434020996
0.35124263167381287
0.3533026874065399
0.35387659072875977
0.3545517325401306
0.3549298644065857
0.35329434275627136
0.3531067669391632
0.3546229302883148
0.35331839323043823
0.351100355386734
0.3529452681541443
0.3517284095287323
0.3525644838809967
0.3544791638851166
0.3531133532524109
0.3850041627883911
0.3532618582248688
0.359107106924057
0.35538074374198914
0.36092323064804077
0.36974048614501953
0.35913291573524475
0.35743963718414307
0.3630901277065277
0.36300086975097656
0.36264294385910034
0.3629499077796936
0.3558277189731598
0.35951143503189087
0.3595215082168579
0.3624824285507202
0.367759108543396
0.3788652718067169
0.3846522867679596
0.4058610796928406
0.4044803977012634
0.3960998058319092
0.4157316982746124
0.427450567483902
0.40409547090530396
0.40311846137046814
0.39192721247673035
0.39500993490219116
0.3874592185020447
0.3851114511489868
0.40387579798698425
0.37824440002441406
0.37747180461883545
0.37138304114341736
0.37359052896499634
0.374237596988678
0.3592870831489563
0.3567921221256256
0.3561558723449707
0.37068817019462585
0.3589959144592285
0.36437729001045227
0.3663356304168701
0.3629996180534363
0.3650910556316376
0.3606093227863312
0.36655715107917786
0.3593132793903351
0.37328991293907166
0.3647330701351166
0.3582245409488678
0.3616708219051361
0.3599304258823395
0.3560096025466919
0.3582195043563843
0.3551453948020935
0.36140280961990356
0.3586585521697998
0.3539917469024658
0.3560400605201721
0.3571391701698303
0.35607412457466125
0.3540778160095215
0.35538870096206665
0.35113537311553955
0.35160204768180847
0.3539999723434448
0.35484594106674194
0.3527911901473999
0.3520887494087219
0.3533327281475067
0.35225042700767517
0.3547363579273224
0.35178300738334656
0.3527584373950958
0.35356763005256653
0.3528675138950348
0.35294705629348755
0.35151588916778564
0.3513193726539612
0.35255587100982666
0.351185142993927
0.3508099913597107
0.3515976369380951
0.35032737255096436
0.3504382371902466
0.3503856956958771
0.35013893246650696
0.3511287569999695
0.35413628816604614
0.34979090094566345
0.35075491666793823
0.35047128796577454
0.35215434432029724
0.35133564472198486
0.35110583901405334
0.35163936018943787
0.35081717371940613
0.35068827867507935
0.3523211181163788
0.35252100229263306
0.35151124000549316
0.35074037313461304
0.35114386677742004
0.35127687454223633
0.3503425717353821
0.35242924094200134
0.3520132303237915
0.3514403700828552
0.349913626909256
0.35004478693008423
0.35216841101646423
0.3494113087654114
0.3498463034629822
0.352241188287735
0.35151535272598267
0.34924957156181335
0.3500629961490631
0.3490098714828491
0.3506947159767151
0.34906327724456787
0.3507458567619324
0.3494778573513031
0.3495032489299774
0.35034608840942383
0.3498135209083557
0.3484930396080017
0.34989359974861145
0.3552209436893463
0.3495800197124481
0.3494625687599182
0.3515452444553375
0.3497387170791626
0.3502899408340454
0.34938740730285645
0.3486171364784241
0.3486015498638153
0.3488713502883911
0.34971722960472107
0.3483661413192749
0.3491843640804291
0.34958377480506897
0.34814023971557617
0.3485729694366455
0.34921562671661377
0.3484238386154175
0.34799402952194214
0.3636937737464905
0.35443609952926636
0.358367383480072
0.3542819917201996
0.35801535844802856
0.3659103214740753
0.3631945848464966
0.36825165152549744
0.36629152297973633
0.3669682741165161
0.3579486310482025
0.3656967580318451
0.362949013710022
0.36817148327827454
0.36126625537872314
0.35754823684692383
0.3617498576641083
0.36002713441848755
0.3542225956916809
0.36025553941726685
0.36605599522590637
0.3597145080566406
0.3572235107421875
0.35485848784446716
0.35662251710891724
0.35302770137786865
0.35283932089805603
0.353210985660553
0.3518623411655426
0.3545454442501068
0.3570205569267273
0.35143497586250305
0.3535025119781494
0.3611844778060913
0.3507246971130371
0.3559229075908661
0.3517310917377472
0.3530479073524475
0.3609476089477539
0.3638882339000702
0.35535237193107605
0.3572263717651367
0.3547215461730957
0.3533686101436615
0.3661287724971771
0.35742712020874023
0.35386237502098083
0.3527117073535919
0.3532448709011078
0.35198724269866943
0.3530547618865967
0.35364940762519836
0.3521695137023926
0.3524748384952545
0.3571297824382782
0.35217201709747314
0.35386472940444946
0.35105520486831665
0.3509599566459656
0.3537309169769287
0.35236474871635437
0.3504057228565216
0.34973564743995667
0.34916868805885315
0.3490849733352661
0.34961357712745667
0.3501488268375397
0.35513022541999817
0.34879082441329956
0.35237812995910645
0.3565877377986908
0.3572496175765991
0.35389989614486694
0.3526269793510437
0.35436269640922546
0.35131996870040894
0.3522475063800812
0.3487287163734436
0.3488475978374481
0.3537923991680145
0.352505087852478
0.3542114794254303
0.35287290811538696
0.3520888388156891
0.35049986839294434
0.3506312072277069
0.35185331106185913
0.3556991517543793
0.3519926071166992
0.3503226935863495
0.34880104660987854
0.3499104976654053
0.34925997257232666
0.35060638189315796
0.34854212403297424
0.34908634424209595
0.35102856159210205
0.3484239876270294
0.34855616092681885
0.34710633754730225
0.3476407527923584
0.34724143147468567
0.34807252883911133
0.34879690408706665
0.348347544670105
0.3475642502307892
0.34709808230400085
0.34881630539894104
0.34700194001197815
0.3472861051559448
0.3478880524635315
0.38023558259010315
0.348442405462265
0.35036879777908325
0.3508598208427429
0.35053226351737976
0.35346078872680664
0.3576923608779907
0.3552677035331726
0.35599616169929504
0.3551384210586548
0.3562661111354828
0.35516881942749023
0.3548080027103424
0.3579334020614624
0.3540540337562561
0.37524303793907166
0.3656710684299469
0.36324432492256165
0.37081587314605713
0.37587499618530273
0.3634401857852936
0.37194910645484924
0.3624556064605713
0.38152849674224854
0.37614938616752625
0.3619583249092102
0.375728040933609
0.362901896238327
0.35929951071739197
0.36389753222465515
0.35692456364631653
0.3624589741230011
0.3596714735031128
0.35708296298980713
0.3564172685146332
0.35996225476264954
0.3542948365211487
0.3539692163467407
0.35190320014953613
0.3527211844921112
0.3532211184501648
0.351355642080307
0.35321173071861267
0.35316765308380127
0.35040441155433655
0.35090020298957825
0.3521599769592285
0.3658984899520874
0.350141704082489
0.3501777946949005
0.3494440019130707
0.34919434785842896
0.35017409920692444
0.3500639796257019
0.35276708006858826
0.3505994379520416
0.3504890203475952
0.3494824171066284
0.34923094511032104
0.3525956869125366
0.3472968637943268
0.3482426404953003
0.34841388463974
0.3492789566516876
0.34795713424682617
0.3491712510585785
0.3497062921524048
0.3467005491256714
0.3476872742176056
0.3475855886936188
0.35046762228012085
0.34941986203193665
0.3484901487827301
0.3491149842739105
0.34680649638175964
0.34824052453041077
0.34671375155448914
0.34763267636299133
0.3492874801158905
0.34695014357566833
0.34807854890823364
0.3467252850532532
0.3467475473880768
0.3483261466026306
0.3468405306339264
0.346022367477417
0.3485874831676483
0.3465035855770111
0.34669649600982666
0.3468005359172821
0.34582650661468506
0.34682655334472656
0.34607741236686707
0.34693053364753723
0.346647173166275
0.3462003469467163
0.3461398780345917
0.34746208786964417
0.3463435471057892
0.3466375768184662
0.34606191515922546
0.34582942724227905
0.34698686003685
0.3457501530647278
0.34618425369262695
0.3455985486507416
0.3469680845737457
0.34607160091400146
0.3467978835105896
0.3453901410102844
0.3457202613353729
0.3467123210430145
0.34578844904899597
0.34647807478904724
0.3451727628707886
0.3465450406074524
0.34569844603538513
0.3454078435897827
0.3457348942756653
0.3457203805446625
0.34608298540115356
0.345406711101532
0.3452446162700653
0.3451223373413086
0.34561893343925476
0.3458658456802368
0.3460433781147003
0.34633973240852356
0.3460560142993927
0.34613630175590515
0.3453701436519623
0.3449944257736206
0.34592288732528687
0.34509116411209106
0.3458678722381592
0.35481908917427063
0.35209202766418457
0.34604179859161377
0.34732764959335327
0.3482896089553833
0.3502182066440582
0.35081925988197327
0.3512706756591797
0.3538246750831604
0.35395583510398865
0.35304775834083557
0.3505280911922455
0.35813260078430176
0.3517914414405823
0.3512444496154785
0.3600994348526001
0.35380133986473083
0.3518944978713989
0.3525989055633545
0.354958176612854
0.35053732991218567
0.3494925796985626
0.3519769012928009
0.34965285658836365
0.35513001680374146
0.3559035360813141
0.3512462377548218
0.35279980301856995
0.3632521629333496
0.350631445646286
0.35219866037368774
0.34961363673210144
0.3523029685020447
0.35344088077545166
0.3490922152996063
0.3495723307132721
0.34954702854156494
0.3493826985359192
0.3494202792644501
0.3485298454761505
0.3480042815208435
0.34846124053001404
0.3494857847690582
0.3486631214618683
0.34894877672195435
0.3498041033744812
0.3485395908355713
0.3484322428703308
0.35167762637138367
0.34816256165504456
0.345912367105484
0.3471222519874573
0.3477226495742798
0.3479134440422058
0.34675297141075134
0.3514896631240845
0.34598538279533386
0.3466068208217621
0.3469500243663788
0.3481636643409729
0.3481452465057373
0.34623587131500244
0.34606385231018066
0.3457900285720825
0.34836670756340027
0.3470633625984192
0.3474969267845154
0.3473486602306366
0.34651076793670654
0.34770816564559937
0.3461654782295227
0.34503141045570374
0.34564173221588135
0.3455067276954651
0.3465759754180908
0.34574300050735474
0.34545207023620605
0.3467235565185547
0.3451513648033142
0.3481006920337677
0.34688544273376465
0.3459448516368866
0.34671255946159363
0.34626710414886475
0.3464840054512024
0.3461593985557556
0.3472774028778076
0.3476056754589081
0.34666675329208374
0.34686988592147827
0.3466460704803467
0.3476897180080414
0.34674543142318726
0.3465496003627777
0.34618285298347473
0.3467257618904114
0.3471059799194336
0.345486044883728
0.34717491269111633
0.3463793396949768
0.34682735800743103
0.3487684726715088
0.3453887104988098
0.3459872007369995
0.344847172498703
0.346131294965744
0.34535279870033264
0.3452422618865967
0.34532350301742554
0.3449254333972931
0.346441388130188
0.344906210899353
0.34511181712150574
0.3445589244365692
0.34528544545173645
0.3447228968143463
0.3449632525444031
0.345502644777298
0.34549686312675476
0.3444598317146301
0.3451140820980072
0.344187468290329
0.34485363960266113
0.34498131275177
0.3455353379249573
0.34427309036254883
0.34530845284461975
0.3447706699371338
0.34560835361480713
0.3445059657096863
0.34753480553627014
0.34588074684143066
0.34473082423210144
0.345299631357193
0.34538543224334717
0.344768226146698
0.34567105770111084
0.34538647532463074
0.3451540768146515
0.34416458010673523
0.345645934343338
0.3458760380744934
0.34410175681114197
0.34452468156814575
0.34483179450035095
0.3446873426437378
0.3446415364742279
0.3445318043231964
0.3444259464740753
0.3449080288410187
0.3445195257663727
0.34487348794937134
0.3439069390296936
0.3444271981716156
0.344375878572464
0.34436410665512085
0.3439199924468994
0.34431159496307373
0.3443286418914795
0.3438735008239746
0.34421613812446594
0.34397199749946594
0.34413260221481323
0.3445814549922943
0.34399354457855225
0.34368452429771423
0.34570467472076416
0.3440951704978943
0.34426796436309814
0.3437751531600952
0.34457123279571533
0.34538066387176514
0.34461742639541626
0.34459736943244934
0.35393667221069336
0.3447285294532776
0.3452729880809784
0.34664368629455566
0.34753870964050293
0.35037821531295776
0.34660670161247253
0.347687691450119
0.3466850519180298
0.34759536385536194
0.3492652177810669
0.34618791937828064
0.34872084856033325
0.34821540117263794
0.34910696744918823
0.35209915041923523
0.35000601410865784
0.36767274141311646
0.3510591983795166
0.34857258200645447
0.3496456742286682
0.34678107500076294
0.34812766313552856
0.3477766215801239
0.3472999334335327
0.349884569644928
0.34871146082878113
0.34865492582321167
0.34841975569725037
0.3451409339904785
0.3480425477027893
0.3462439179420471
0.3458256423473358
0.3460139334201813
0.3492244780063629
0.3474261164665222
0.34783756732940674
0.3473982810974121
0.34704944491386414
0.34471583366394043
0.3459996283054352
0.3451010286808014
0.3459698259830475
0.34476521611213684
0.3449144959449768
0.3482976257801056
0.34452497959136963
0.3458976745605469
0.34443163871765137
0.3453383147716522
0.34535589814186096
0.34788259863853455
0.3469502329826355
0.34438952803611755
0.34462881088256836
0.3459455668926239
0.3441724479198456
0.3459010720252991
0.3441200852394104
0.34596991539001465
0.34458860754966736
0.34476029872894287
0.34565797448158264
0.34483131766319275
0.3453938364982605
0.3467977046966553
0.34485697746276855
0.3464406132698059
0.343825101852417
0.3449050486087799
0.34432166814804077
0.3452862799167633
0.34457239508628845
0.34389573335647583
0.34716933965682983
0.3445495665073395
0.3454078733921051
0.3443094789981842
0.34531834721565247
0.3442074954509735
0.34361252188682556
0.3441636562347412
0.3440370559692383
0.3440946936607361
0.344545841217041
0.3445020616054535
0.34455063939094543
0.34453123807907104
0.3451361358165741
0.34441831707954407
0.34389999508857727
0.34453827142715454
0.3442593216896057
0.34352490305900574
0.34341922402381897
0.34366828203201294
0.3434138596057892
0.3434029221534729
0.34344249963760376
0.3438737690448761
0.34389209747314453
0.3436029255390167
0.3439190983772278
0.3433088958263397
0.34377047419548035
0.34420472383499146
0.3442375659942627
0.34388625621795654
0.3438915014266968
0.34384870529174805
0.3432294726371765
0.3437427282333374
0.3436276316642761
0.3441241383552551
0.3439974784851074
0.3436535596847534
0.3438939154148102
0.34358400106430054
0.34401175379753113
0.3432656228542328
0.34357208013534546
0.34317243099212646
0.3434858024120331
0.3435370922088623
0.3441414535045624
0.34457841515541077
0.3437780737876892
0.346335232257843
0.34367814660072327
0.3431892693042755
0.34360256791114807
0.34354695677757263
0.34407463669776917
0.343750923871994
0.34311825037002563
0.34360283613204956
0.3432588577270508
0.34410467743873596
0.3450799286365509
0.34308934211730957
0.3435367941856384
0.344172865152359
0.34323206543922424
0.34320810437202454
0.34549325704574585
0.3435620367527008
0.3434901237487793
0.3449211120605469
0.3431489169597626
0.34384945034980774
0.34445658326148987
0.34372344613075256
0.34369710087776184
0.34300193190574646
0.34346315264701843
0.34354519844055176
0.34356939792633057
0.3436703383922577
0.3430563807487488
0.3429182469844818
0.34389421343803406
0.34299707412719727
0.3432875871658325
0.3433847427368164
0.3435935080051422
0.34367766976356506
0.3433094918727875
0.3431627154350281
0.34310057759284973
0.34317392110824585
0.3436775207519531
0.34324362874031067
0.343375563621521
0.3430369198322296
0.3444792926311493
0.343550443649292
0.34338679909706116
0.3430899381637573
0.34318363666534424
0.34336233139038086
0.34464505314826965
0.34395691752433777
0.3438369631767273
0.3440425992012024
0.343098908662796
0.3434295952320099
0.3433929681777954
0.34344232082366943
0.3430905044078827
0.34302905201911926
0.34351974725723267
0.343921035528183
0.34307780861854553
0.3437088429927826
0.34341034293174744
0.3434074819087982
0.34284093976020813
0.3435204029083252
0.34343221783638
0.34493136405944824
0.34328675270080566
0.3434397280216217
0.34310397505760193
0.34520384669303894
0.34402304887771606
0.34318074584007263
0.34303855895996094
0.3446332514286041
0.34295979142189026
0.3430231213569641
0.3429815173149109
0.344260036945343
0.3435675799846649
0.34380191564559937
0.3435749411582947
0.34319379925727844
0.34342440962791443
0.34301725029945374
0.34325623512268066
0.3433492183685303
0.34345439076423645
0.34298640489578247
0.3429810404777527
0.34284722805023193
0.3435531556606293
0.34379273653030396
0.3434445559978485
0.343295693397522
0.3433740735054016
0.34285491704940796
0.34280484914779663
0.3431544303894043
0.3432741165161133
0.3437764346599579
0.3427744507789612
0.3434923589229584
0.34281179308891296
0.343016117811203
0.34308406710624695
0.3434445261955261
0.3429500460624695
0.3427198827266693
0.34282103180885315
0.34308841824531555
0.34274569153785706
0.34299084544181824
0.3431488573551178
0.34270262718200684
0.3434130847454071
0.342915415763855
0.342652827501297
0.34299585223197937
0.3433177173137665
0.3430880010128021
0.3440511226654053
0.3429458737373352
0.3425695598125458
0.34303736686706543
0.342599481344223
0.34295716881752014
0.3430899679660797
0.34287896752357483
0.34284719824790955
0.34274718165397644
0.34308069944381714
0.34470102190971375
0.34311699867248535
0.3426111042499542
0.342803418636322
0.3429497480392456
0.3434290587902069
0.3427421450614929
0.34319600462913513
0.3426959812641144
0.3435102701187134
0.34350383281707764
0.3429543375968933
0.34379079937934875
0.3430062532424927
0.34441226720809937
0.343059241771698
0.3430722951889038
0.34266364574432373
0.34252193570137024
0.3429259657859802
0.34330201148986816
0.34547027945518494
0.347584992647171
0.34298625588417053
0.34287893772125244
0.34348806738853455
0.3428012728691101
0.34287384152412415
0.34295374155044556
0.34290310740470886
0.3427615463733673
0.3429516553878784
0.343374639749527
0.3428230881690979
0.34287476539611816
0.34247395396232605
0.34255316853523254
0.3435889184474945
0.34264135360717773
0.3425438404083252
0.34304720163345337
0.34273627400398254
0.34245455265045166
0.3423718214035034
0.34272080659866333
0.3427361845970154
0.3424190580844879
0.34418410062789917
0.3423856496810913
0.34246426820755005
0.3424055874347687
0.34267473220825195
0.34268540143966675
0.34249642491340637
0.3428279757499695
0.3490173816680908
0.3425620496273041
0.34263116121292114
0.34314507246017456
0.3426036238670349
0.3440079092979431
0.3434773087501526
0.34308141469955444
0.3434728682041168
0.3435565233230591
0.3445475995540619
0.34325048327445984
0.34429243206977844
0.3470945954322815
0.3441236913204193
0.3432018756866455
0.3437102735042572
0.3430958092212677
0.34442809224128723
0.3431246876716614
0.3442351222038269
0.34346574544906616
0.34382376074790955
0.3435125946998596
0.34279319643974304
0.3428986966609955
0.3428385257720947
0.34297311305999756
0.3429255187511444
0.343209445476532
0.3457111120223999
0.34357041120529175
0.3433123230934143
0.3432890772819519
0.3436862826347351
0.34312278032302856
0.34342601895332336
0.3437378406524658
0.343172162771225
0.3424765169620514
0.3432284891605377
0.3430471122264862
0.3428664207458496
0.34360378980636597
0.34285831451416016
0.34309491515159607
0.3446027934551239
0.34327593445777893
0.3436272144317627
0.3426993489265442
0.3430815637111664
0.34261831641197205
0.3432007431983948
0.34261858463287354
0.34299707412719727
0.34271976351737976
0.3429781496524811
0.34291598200798035
0.3429061472415924
0.34272053837776184
0.34335440397262573
0.3424300253391266
0.3431815505027771
0.34268808364868164
0.3427731990814209
0.3424753248691559
0.3433527648448944
0.34291020035743713
0.34322792291641235
0.3428402543067932
0.34287333488464355
0.34267330169677734
0.342933714389801
0.342525839805603
0.3433074951171875
0.3426668345928192
0.34258341789245605
0.34234172105789185
0.3426223397254944
0.3429936170578003
0.3424726128578186
0.34353506565093994
0.34237807989120483
0.34434008598327637
0.342546284198761
0.34266161918640137
0.34232208132743835
0.3423093855381012
0.3426848351955414
0.34527894854545593
0.3429667055606842
0.34269091486930847
0.342372864484787
0.34297975897789
0.34336909651756287
0.34295883774757385
0.34314340353012085
0.34280019998550415
0.3424474596977234
0.34250736236572266
0.342541366815567
0.3423682451248169
0.34310996532440186
0.34248822927474976
0.34408479928970337
0.3423273265361786
0.3439028263092041
0.3425579071044922
0.34247902035713196
0.34250500798225403
0.3431296646595001
0.3426856994628906
0.34225794672966003
0.3429306447505951
0.3425794243812561
0.34241071343421936
0.3423500657081604
0.3438219428062439
0.3425208330154419
0.342906653881073
0.3424377739429474
0.3429572880268097
0.3425642251968384
0.34314271807670593
0.34327322244644165
0.34240567684173584
0.3425558805465698
0.34243738651275635
0.3425217866897583
0.3425900638103485
0.342659056186676
0.34267398715019226
0.3428193926811218
0.34303203225135803
0.3423336148262024
0.3432089686393738
0.34346431493759155
0.3426663875579834
0.34234485030174255
0.3423411548137665
0.34255245327949524
0.3425154983997345
0.34264254570007324
0.3425573706626892
0.34244805574417114
0.34236884117126465
0.34282273054122925
0.34326428174972534
0.34214216470718384
0.34249061346054077
0.34282660484313965
0.3423081338405609
0.3422255516052246
0.3421207666397095
0.3421517014503479
0.34288349747657776
0.34240949153900146
0.343035489320755
0.34228968620300293
0.3420773148536682
0.34217917919158936
0.3424057364463806
0.3422682583332062
0.34231439232826233
0.3421552777290344
0.34232619404792786
0.3422883450984955
0.3421352207660675
0.3430923819541931
0.3424137532711029
0.342086523771286
0.3421715199947357
0.34204626083374023
0.34205836057662964
0.34290611743927
0.34249618649482727
0.3425951898097992
0.34239107370376587
0.342885822057724
0.34252291917800903
0.3421918749809265
0.3424825668334961
0.34243011474609375
0.3427952527999878
0.3420708477497101
0.34239083528518677
0.3453122079372406
0.34227630496025085
0.3423963785171509
0.3421465754508972
0.34271731972694397
0.34249594807624817
1.3197178840637207
0.514790415763855
0.48925232887268066
0.4252845346927643
0.37955281138420105
0.409623920917511
0.4147639274597168
0.4145567715167999
0.43508538603782654
0.43289637565612793
0.4180615246295929
0.42015552520751953
0.41169777512550354
0.42452988028526306
0.4156545102596283
0.41535845398902893
0.43030431866645813
0.41807883977890015
0.4111449420452118
0.40909552574157715
0.41785725951194763
0.4047303795814514
0.4100796580314636
0.39184799790382385
0.38857921957969666
0.39317888021469116
0.3941757082939148
0.39527955651283264
0.3929826319217682
0.3945220112800598
0.37268775701522827
0.3685898780822754
0.36508771777153015
0.3678092956542969
0.3742806613445282
0.3826957046985626
0.36880168318748474
0.3860698342323303
0.3858823776245117
0.3695523738861084
0.36179178953170776
0.37146440148353577
0.3774370849132538
0.3759933412075043
0.3644395172595978
0.35969114303588867
0.3688671290874481
0.3653280735015869
0.36519306898117065
0.3598293662071228
0.34611281752586365
0.40596261620521545
0.3578009009361267
0.3661164343357086
0.36018598079681396
0.36761194467544556
0.35831549763679504
0.3590918779373169
0.36010468006134033
0.3628741502761841
0.36383292078971863
0.3574960231781006
0.3573904037475586
0.3591512441635132
0.36071059107780457
0.3711603283882141
0.3664625287055969
0.35583263635635376
0.3631688952445984
0.3498424291610718
0.35620805621147156
0.36165934801101685
0.36130452156066895
0.3554542660713196
0.3491672873497009
0.36369824409484863
0.3607534170150757
0.3638005554676056
0.3564114272594452
0.35777828097343445
0.3619813919067383
0.35406556725502014
0.35207802057266235
0.35021406412124634
0.3547701835632324
0.3503565192222595
0.35713455080986023
0.3486068844795227
0.35114917159080505
0.34709271788597107
0.350820392370224
0.34783992171287537
0.3484076261520386
0.35231250524520874
0.35214370489120483
0.3503565788269043
0.3544382154941559
0.35090622305870056
0.35768944025039673
0.3517729341983795
0.3513997793197632
0.3469047546386719
0.3456069827079773
0.3466376066207886
0.3515554666519165
0.35019704699516296
0.3514191210269928
0.34874463081359863
0.3517577648162842
0.3494674265384674
0.3468489944934845
0.3511233925819397
0.35108184814453125
0.34862077236175537
0.34463539719581604
0.35131800174713135
0.3468307554721832
0.347644567489624
0.34513649344444275
0.3457905948162079
0.3446322977542877
0.3505004048347473
0.3472254276275635
0.3471616506576538
0.3463311791419983
0.3451678156852722
0.34499239921569824
0.3484114408493042
0.34478893876075745
0.3438580632209778
0.3445083796977997
0.34738290309906006
0.34555014967918396
0.3470521569252014
0.34317851066589355
0.34416234493255615
0.3443315625190735
0.3464939594268799
0.3450249433517456
0.350552499294281
0.34403520822525024
0.344403475522995
0.34452271461486816
0.3434616029262543
0.3439846932888031
0.34393516182899475
0.3472307026386261
0.3481478691101074
0.34380853176116943
0.3434363007545471
0.3536796569824219
0.3437155783176422
0.3450945317745209
0.34580671787261963
0.34875938296318054
0.34908995032310486
0.34545961022377014
0.3455606698989868
0.34582191705703735
0.34614038467407227
0.34506353735923767
0.34455811977386475
0.346023291349411
0.34572306275367737
0.3446821868419647
0.34627819061279297
0.3463703393936157
0.3456938564777374
0.34535759687423706
0.34694600105285645
0.3470895290374756
0.3452201783657074
0.346469908952713
0.3474298119544983
0.3480423092842102
0.34472689032554626
0.34686118364334106
0.3452283442020416
0.34485846757888794
0.3445770740509033
0.3454495072364807
0.34656521677970886
0.3443439304828644
0.3442757725715637
0.34525033831596375
0.34386318922042847
0.34459614753723145
0.34657445549964905
0.34280407428741455
0.3436444401741028
0.34392625093460083
0.3426298201084137
0.34467557072639465
0.34325963258743286
0.34696102142333984
0.34309521317481995
0.34443193674087524
0.34405237436294556
0.34282493591308594
0.34252920746803284
0.34499824047088623
0.3467349708080292
0.34277576208114624
0.3440423905849457
0.3431909680366516
0.3451819121837616
0.3457733988761902
0.34314557909965515
0.3448259234428406
0.34453797340393066
0.3423665761947632
0.3437880575656891
0.34363824129104614
0.3430171012878418
0.3437473773956299
0.342864453792572
0.3425562381744385
0.3423583209514618
0.34260645508766174
0.3440191447734833
0.3427467942237854
0.3426772356033325
0.3426569998264313
0.34504827857017517
0.3439823389053345
0.343781441450119
0.34322330355644226
0.3426206707954407
0.3425264358520508
0.34254634380340576
0.34536173939704895
0.34405848383903503
0.34472155570983887
0.34302061796188354
0.34245121479034424
0.3431336581707001
0.3434581160545349
0.34262678027153015
0.34290802478790283
0.34393730759620667
0.3446985185146332
0.3437148630619049
0.34329089522361755
0.34318995475769043
0.342979371547699
0.343793123960495
0.34338438510894775
0.3444778323173523
0.3439878523349762
0.34349799156188965
0.3425754904747009
0.34233617782592773
0.34283363819122314
0.34303972125053406
0.3423529267311096
0.3432810306549072
0.3430573344230652
0.3431570529937744
0.3426005244255066
0.3426949381828308
0.34313225746154785
0.34231480956077576
0.342662513256073
0.34219181537628174
0.342149019241333
0.34607696533203125
0.3427966833114624
0.34218549728393555
0.34247156977653503
0.3424428701400757
0.3447098731994629
0.3426979184150696
0.3422885537147522
0.34252601861953735
0.3434789180755615
0.34243956208229065
0.34239792823791504
0.34367531538009644
0.342734694480896
0.342838317155838
0.34225326776504517
0.3427864611148834
0.34232959151268005
0.34224918484687805
0.3421701490879059
0.34196189045906067
0.3434790372848511
0.3426840603351593
0.3427717685699463
0.34227222204208374
0.34303608536720276
0.34202468395233154
0.34279370307922363
0.34239569306373596
0.3426820933818817
0.3422672152519226
0.342704176902771
0.34222540259361267
0.34202396869659424
0.34192898869514465
0.3426802456378937
0.3423207402229309
0.34213730692863464
0.34271711111068726
0.34198781847953796
0.3422503173351288
0.34236717224121094
0.3425937294960022
0.3423368036746979
0.3419812321662903
0.34230518341064453
0.34236133098602295
0.3421253561973572
0.3421657979488373
0.3423071503639221
0.3435364067554474
0.34244218468666077
0.3420296013355255
0.34205228090286255
0.3421438932418823
0.3433060050010681
0.3423243463039398
0.3420904278755188
0.3422416150569916
0.34298795461654663
0.3418066203594208
0.3423035740852356
0.3418811857700348
0.34194299578666687
0.3421984016895294
0.34293967485427856
0.3419070839881897
0.3424484431743622
0.3427883982658386
0.34236153960227966
0.3420748710632324
0.3425678014755249
0.3419837951660156
0.3421647548675537
0.34175240993499756
0.34173065423965454
0.3421405553817749
0.341945618391037
0.34239354729652405
0.3421349823474884
0.3419085144996643
0.34182998538017273
0.34189772605895996
0.3434458076953888
0.3421231806278229
0.3417455852031708
0.34213608503341675
0.3419293761253357
0.34255683422088623
0.3419383764266968
0.3416799306869507
0.34189385175704956
0.3421223759651184
0.3419347107410431
0.3417038917541504
0.3417796492576599
0.34180521965026855
0.3420628011226654
0.3416435122489929
0.34177112579345703
0.34191691875457764
0.3416372835636139
0.34193921089172363
0.34257057309150696
0.3425745964050293
0.3419637978076935
0.3443634510040283
0.3420262038707733
0.3422522246837616
0.3420473635196686
0.3425220251083374
0.34240901470184326
0.3427276909351349
0.3421379625797272
0.34211215376853943
0.3422646224498749
0.34183067083358765
0.3424721956253052
0.3426785171031952
0.3419840335845947
0.34177282452583313
0.3418278694152832
0.3418827950954437
0.3419164717197418
0.34285983443260193
0.3418859839439392
0.3420046865940094
0.3422778248786926
0.34237247705459595
0.34170231223106384
0.3416704833507538
0.34192731976509094
0.34170693159103394
0.34178003668785095
0.3416479527950287
0.3420466184616089
0.3420446813106537
0.3416513204574585
0.3420912027359009
0.3418864607810974
0.3423355221748352
0.3419216275215149
0.344102680683136
0.3428548574447632
0.3422691822052002
0.3419169485569
0.3419803977012634
0.3419385850429535
0.3418005406856537
0.3416505753993988
0.3420136272907257
0.34174659848213196
0.3419826030731201
0.34224411845207214
0.3415730893611908
0.3416551947593689
0.3416977822780609
0.3415939509868622
0.34175920486450195
0.34162437915802
0.34264472126960754
0.34238505363464355
0.3419971764087677
0.34162086248397827
0.34177279472351074
0.3425843417644501
0.34236884117126465
0.34158995747566223
0.34156009554862976
0.34174254536628723
0.3419097363948822
0.3468671143054962
0.34180617332458496
0.3417511582374573
0.34194615483283997
0.3420332372188568
0.3422850966453552
0.34175607562065125
0.34194809198379517
0.34178486466407776
0.34201744198799133
0.3419245481491089
0.341904878616333
0.3425765037536621
0.34183648228645325
0.342292457818985
0.3419448435306549
0.3422490358352661
0.3416613042354584
0.3418578505516052
0.34169748425483704
0.3419607877731323
0.3426171839237213
0.34178614616394043
0.34165510535240173
0.3418051302433014
0.3423158824443817
0.34207651019096375
0.3415493667125702
0.34174445271492004
0.3422512710094452
0.3415381908416748
0.3415665328502655
0.341785728931427
0.3417312502861023
0.3415776789188385
0.34211602807044983
0.3426632583141327
0.34203019738197327
0.3417664170265198
0.3420822322368622
0.3417518138885498
0.3421918451786041
0.3416896462440491
0.3415786027908325
0.3414821922779083
0.3417651653289795
0.3418166935443878
0.34152519702911377
0.3419680595397949
0.34171774983406067
0.34205442667007446
0.3417910635471344
0.34156477451324463
0.3422372043132782
0.3415631949901581
0.3416016101837158
0.34170782566070557
0.34149280190467834
0.3418523669242859
0.341844379901886
0.3416561782360077
0.341513067483902
0.34150630235671997
0.34173956513404846
0.3416273295879364
0.34154796600341797
0.3415079116821289
0.34158799052238464
0.3415381610393524
0.34176304936408997
0.34150198101997375
0.3415078818798065
0.34177663922309875
0.34170934557914734
0.34160175919532776
0.34206724166870117
0.3414260447025299
0.3416309654712677
0.34149929881095886
0.34186431765556335
0.3414919376373291
0.34172356128692627
0.34162986278533936
0.34174826741218567
0.341854065656662
0.341834157705307
0.3414546847343445
0.34149518609046936
0.3417741656303406
0.34152930974960327
0.3421943187713623
0.34153690934181213
0.3414483070373535
0.3418257534503937
0.34172505140304565
0.34164848923683167
0.3414667248725891
0.3417344093322754
0.3416483998298645
0.34165406227111816
0.3458062410354614
0.343092143535614
0.3432348668575287
0.34291189908981323
0.3431309759616852
0.34360262751579285
0.342433899641037
0.3435370624065399
0.3425433337688446
0.34475162625312805
0.34605613350868225
0.3429931402206421
0.34281161427497864
0.34252792596817017
0.3428654074668884
0.3423742949962616
0.34254077076911926
0.34205642342567444
0.3425684869289398
0.34196043014526367
0.34233421087265015
0.3423534333705902
0.3430659770965576
0.3431566059589386
0.3439253568649292
0.34368348121643066
0.34315353631973267
0.34211695194244385
0.3425883650779724
0.34405088424682617
0.34213823080062866
0.3431454002857208
0.34277981519699097
0.3431279957294464
0.34223517775535583
0.342892050743103
0.34276914596557617
0.34215912222862244
0.34168779850006104
0.3436200022697449
0.34295856952667236
0.343016654253006
0.3426584303379059
0.34313488006591797
0.3417978286743164
0.34210869669914246
0.3424151539802551
0.3421562910079956
0.3421167731285095
0.3418772518634796
0.34164324402809143
0.34163159132003784
0.34236061573028564
0.34160858392715454
0.34192022681236267
0.3420524597167969
0.3418080806732178
0.3424638509750366
0.3416177034378052
0.34299254417419434
0.3418771028518677
0.34201711416244507
0.34167131781578064
0.3417109251022339
0.34168142080307007
0.3417828381061554
0.34216299653053284
0.341609925031662
0.34229010343551636
0.3429069519042969
0.3419172167778015
0.3419250249862671
0.3428647816181183
0.34166067838668823
0.34171345829963684
0.3421425223350525
0.34171438217163086
0.3417699635028839
0.3414266109466553
0.34186920523643494
0.34152302145957947
0.34176260232925415
0.34152328968048096
0.34141796827316284
0.34142324328422546
0.3415141999721527
0.3416139781475067
0.3415765166282654
0.34156179428100586
0.3417642414569855
0.3416217863559723
0.34176763892173767
0.3418615162372589
0.34158745408058167
0.34143099188804626
0.3414059579372406
0.3419010043144226
0.34152495861053467
0.3416964113712311
0.34167414903640747
0.3417220413684845
0.3417721390724182
0.34181419014930725
0.34176304936408997
0.3422899842262268
0.3415915369987488
0.3414434790611267
0.34250304102897644
0.3415171802043915
0.3413982689380646
0.3415692448616028
0.3418464958667755
0.3422868847846985
0.3420664966106415
0.3414011299610138
0.3416283130645752
0.34134355187416077
0.34155064821243286
0.34138187766075134
0.3413820266723633
0.3415929079055786
0.34161704778671265
0.34174609184265137
0.3414703607559204
0.3413984477519989
0.34142011404037476
0.3416458070278168
0.34164726734161377
0.34132808446884155
0.3413497805595398
0.34140393137931824
0.34131506085395813
0.3416741192340851
0.3417225778102875
0.34150177240371704
0.3417796492576599
0.34138643741607666
0.3414890468120575
0.3415105640888214
0.34141093492507935
0.3414718806743622
0.34132829308509827
0.3413379192352295
0.34156301617622375
0.34136322140693665
0.34128060936927795
0.3415273427963257
0.3413829803466797
0.3414219617843628
0.3417031168937683
0.3413622975349426
0.3436938226222992
0.3413746953010559
0.34153833985328674
0.34171879291534424
0.3414750397205353
0.34162092208862305
0.34180304408073425
0.34190425276756287
0.3419588804244995
0.34156760573387146
0.34184858202934265
0.34343454241752625
0.3420235514640808
0.341494083404541
0.341966450214386
0.3416394591331482
0.34169843792915344
0.34162071347236633
0.34143877029418945
0.3418309688568115
0.3420257568359375
0.34168627858161926
0.34171682596206665
0.34256842732429504
0.34172487258911133
0.3417584002017975
0.341497004032135
0.34150826930999756
0.34157851338386536
0.3416138291358948
0.3416121304035187
0.3416513502597809
0.34141722321510315
0.3415861427783966
0.342074990272522
0.3414413034915924
0.3415566384792328
0.3420711159706116
0.3416876792907715
0.3417512774467468
0.3416478931903839
0.3418084979057312
0.3415619432926178
0.3417694568634033
0.3415784537792206
0.3418905436992645
0.34144750237464905
0.34170910716056824
0.3414234220981598
0.3419390916824341
0.34164851903915405
0.3415735960006714
0.3415796458721161
0.3416801691055298
0.34133288264274597
0.3413830101490021
0.3417055010795593
0.34146440029144287
0.3413403630256653
0.3418409526348114
0.34200772643089294
0.3424795866012573
0.3413108289241791
0.34156423807144165
0.341331422328949
0.3416808545589447
0.3414663076400757
0.34137576818466187
0.3413260877132416
0.34158122539520264
0.34154215455055237
0.34151047468185425
0.341353178024292
0.34182366728782654
0.3415434658527374
0.34130802750587463
0.3415386974811554
0.34172889590263367
0.3417471647262573
0.34137630462646484
0.3415089249610901
0.34143146872520447
0.34151121973991394
0.34137001633644104
0.3415359854698181
0.34146425127983093
0.34213390946388245
0.34161603450775146
0.3413722813129425
0.34220853447914124
0.3412817716598511
0.3416288495063782
0.34124988317489624
0.34150177240371704
0.3413710594177246
0.34127122163772583
0.3412667512893677
0.34134361147880554
0.34150826930999756
0.34125691652297974
0.3419428765773773
0.3414725363254547
0.3415372669696808
0.3413532078266144
0.34164807200431824
0.34146648645401
0.34130480885505676
0.3412807881832123
0.34161660075187683
0.34133750200271606
0.34125781059265137
0.3412569463253021
0.3414716422557831
0.34145936369895935
0.34125620126724243
0.3412889540195465
0.3414784073829651
0.3412601351737976
0.3415258526802063
0.3411923050880432
0.34117963910102844
0.3413151502609253
0.34125739336013794
0.3416130542755127
0.34132668375968933
0.3413722813129425
0.3412664234638214
0.3412591814994812
0.3414197564125061
0.34120607376098633
0.3411877155303955
0.34131920337677
0.34122711420059204
0.34118810296058655
0.3412405550479889
0.3412542939186096
0.34118565917015076
0.341140478849411
0.3411766290664673
0.34121081233024597
0.3412697911262512
0.3415968418121338
0.3412151336669922
0.3418373763561249
0.3412475287914276
0.34119153022766113
0.3412753641605377
0.3412054479122162
0.3414129614830017
0.34128767251968384
0.3411429524421692
0.3413248062133789
0.3413733243942261
0.34118515253067017
0.3411712348461151
0.3412131369113922
0.34127187728881836
0.3411377966403961
0.34111738204956055
0.3411383628845215
0.3411290943622589
0.34110838174819946
0.3410986363887787
0.3410971164703369
0.3410974442958832
0.34120482206344604
0.3411833643913269
0.3412643074989319
0.3410826027393341
0.3411678373813629
0.34109655022621155
0.3411266803741455
0.341103732585907
0.3411025404930115
0.3411571681499481
0.3411223590373993
0.3411827087402344
0.34110918641090393
0.34113141894340515
0.3410896062850952
0.3411102592945099
0.34113436937332153
0.3410950303077698
0.3410966992378235
0.3410865068435669
0.3411097526550293
0.3411349058151245
0.3411116600036621
0.34115511178970337
0.341081440448761
0.34105631709098816
0.34107887744903564
0.3411247432231903
0.34108150005340576
0.34109801054000854
0.34108608961105347
0.3410707116127014
0.34110602736473083
0.3411293923854828
0.3410579264163971
0.3411630392074585
0.34107130765914917
0.34110939502716064
0.34110134840011597
0.3411842882633209
0.3412758409976959
0.34109237790107727
0.34110158681869507
0.3410361409187317
0.3411971926689148
0.3411533236503601
0.3410778045654297
0.34109821915626526
0.34117743372917175
0.3410464823246002
0.3413221538066864
