1.5163757801055908
1.2948241233825684
1.1583958864212036
1.076066255569458
1.0150983333587646
0.9940668344497681
0.9666693806648254
0.9456132054328918
0.9355422258377075
0.9340934753417969
0.8741863369941711
0.8272716999053955
0.838850736618042
0.8498618602752686
0.8057868480682373
0.8032333254814148
0.7944806218147278
0.7797511219978333
0.7383468151092529
0.7482234239578247
0.8032886385917664
0.7558217644691467
0.7871888875961304
0.72967129945755
0.7408288717269897
0.7444207072257996
0.7250628471374512
0.7283843159675598
0.7510268092155457
0.7074184417724609
0.7141116261482239
0.6879051327705383
0.8320766091346741
0.7421311140060425
0.7145923972129822
0.7352157235145569
0.6763575077056885
0.7020722031593323
0.7073379158973694
0.6678271293640137
0.6563552021980286
0.7227181196212769
0.6443491578102112
0.6695494651794434
0.6841440796852112
0.7125301957130432
0.6758715510368347
0.6870694160461426
0.6854267716407776
0.6625669002532959
0.6527776122093201
0.706780731678009
0.6556414365768433
0.6745068430900574
0.6771590709686279
0.6520246267318726
0.640999972820282
0.609214186668396
0.6317939758300781
0.6178908348083496
0.6508074998855591
0.615033745765686
0.6305481195449829
0.5965719819068909
0.6466864347457886
0.6110816597938538
0.6364411115646362
0.6372684240341187
0.6359950304031372
0.7009782791137695
0.6239506006240845
0.6008628010749817
0.5893492102622986
0.6572463512420654
0.5791841149330139
0.6722012758255005
0.630016028881073
0.6062630414962769
0.6421673893928528
0.5990685820579529
0.6006852984428406
0.5832005143165588
0.6145122051239014
0.6179248094558716
0.6290537118911743
0.664074182510376
0.6430231928825378
0.5943858027458191
0.5924861431121826
0.5973914265632629
0.6142070889472961
0.5858174562454224
0.5832952260971069
0.5889996886253357
0.6013755202293396
0.5954023003578186
0.6144342422485352
0.6055426597595215
0.5980241894721985
0.5632661581039429
0.5965167880058289
0.5986915230751038
0.5618544816970825
0.575384795665741
0.5598279237747192
0.6252011060714722
0.6117648482322693
0.5884082913398743
0.564586877822876
0.5720597505569458
0.5716518759727478
0.5629655122756958
0.5492820143699646
0.6051633954048157
0.5604878067970276
0.5984570980072021
0.5430124402046204
0.5889782905578613
0.5861457586288452
0.583558201789856
0.5618981122970581
0.5350140929222107
0.580384373664856
0.5522465705871582
0.5553348064422607
0.5908870100975037
0.5948824882507324
0.6142280697822571
0.5629012584686279
0.5912588834762573
0.6106129884719849
0.5783876776695251
0.5817471146583557
0.5866647958755493
0.5416698455810547
0.596781313419342
0.5474436283111572
0.5663195252418518
0.5533232688903809
0.5672746896743774
0.5847443342208862
0.5938845872879028
0.5665048360824585
0.5772629380226135
0.580739438533783
0.5747976899147034
0.5534487366676331
0.5757534503936768
0.5422059893608093
0.5319513082504272
0.5541237592697144
0.532457709312439
0.5387141704559326
0.5853098034858704
0.5333284139633179
0.5958319306373596
0.5326316952705383
0.5663501024246216
0.537484884262085
0.614647388458252
0.5344709157943726
0.5633488297462463
0.5396599173545837
0.5323103666305542
0.5417999625205994
0.5882969498634338
0.5633627772331238
0.5408099889755249
0.5913262963294983
0.5509617924690247
0.6039314270019531
0.5208368897438049
0.661426842212677
0.5734826922416687
0.5470078587532043
0.5614230036735535
0.5774905681610107
0.5675381422042847
0.5414118766784668
0.5942038297653198
0.561521589756012
0.5468577742576599
0.6016883254051208
0.5354065299034119
0.5820375084877014
0.5638752579689026
0.5275094509124756
0.5259332656860352
0.5295462012290955
0.5293804407119751
0.5220782160758972
0.5188074707984924
0.5362452864646912
0.5719699263572693
0.5397541522979736
0.5667096376419067
0.5332273244857788
0.5161752104759216
0.515562117099762
0.597440779209137
0.5831865668296814
0.5498379468917847
0.5372406840324402
0.5723009705543518
0.5256220102310181
0.605124831199646
0.5144270658493042
0.5270461440086365
0.5122136473655701
0.49587497115135193
0.508187472820282
0.5182534456253052
0.527380645275116
0.5135625004768372
0.5251570343971252
0.5048266649246216
0.5341331362724304
0.5485653877258301
0.5052024722099304
0.5405837297439575
0.536439061164856
0.5097669363021851
0.5581822395324707
0.5361215472221375
0.5611207485198975
0.5250816941261292
0.5433375835418701
0.5035212635993958
0.5069584250450134
0.4782194197177887
0.5424603223800659
0.5224701166152954
0.5358723402023315
0.5889957547187805
0.5073314309120178
0.560588002204895
0.5066402554512024
0.5455185770988464
0.5964404940605164
0.5630185604095459
0.5333870649337769
0.5564747452735901
0.5094953775405884
0.5621663928031921
0.4953881502151489
0.5364800095558167
0.5194213390350342
0.531726062297821
0.5180066227912903
0.5278228521347046
0.5616881847381592
0.5304953455924988
0.552069365978241
0.5115500092506409
0.4924265444278717
0.5097228288650513
0.5332764387130737
0.5582166314125061
0.5903935432434082
0.6076063513755798
0.5367470383644104
0.5326371788978577
0.5761697292327881
0.6001865267753601
0.5536251068115234
0.5239130258560181
0.5237412452697754
0.48511484265327454
0.5070403814315796
0.5857497453689575
0.5278142094612122
0.5541313290596008
0.5009176731109619
0.5026648640632629
0.5569337606430054
0.5138784050941467
0.5525408983230591
0.5660630464553833
0.5267201066017151
0.530007004737854
0.5134279131889343
0.5369501113891602
0.5577058792114258
0.5172145366668701
0.5173565149307251
0.5050040483474731
0.5125647187232971
0.5165101885795593
0.5598986148834229
0.5772275924682617
0.5505193471908569
0.5056942105293274
0.5621039271354675
0.5421173572540283
0.5221985578536987
0.48925942182540894
0.5393387079238892
0.5017762780189514
0.4938899874687195
0.525221049785614
0.5106133222579956
0.5354405045509338
0.5427500009536743
0.48651033639907837
0.5094393491744995
0.5615271329879761
0.5750152468681335
0.5309829115867615
0.48654139041900635
0.5333780646324158
0.5184808969497681
0.5059617161750793
0.5173680186271667
0.49355843663215637
0.5536915063858032
0.4994438886642456
0.5197085738182068
0.5227002501487732
0.5358070135116577
0.5347814559936523
0.5024318695068359
0.4923316538333893
0.5724534392356873
0.5001825094223022
0.5019282698631287
0.5090444684028625
0.5106024146080017
0.5218542814254761
0.5207053422927856
0.4991638958454132
0.5292912125587463
0.4747869372367859
0.5169066786766052
0.5362953543663025
0.5251204967498779
0.48120903968811035
0.5101509094238281
0.5305068492889404
0.5290927886962891
0.4992745518684387
0.49605730175971985
0.4908965826034546
0.49974554777145386
0.5894088745117188
0.5344681739807129
0.5152798891067505
0.4862023591995239
0.4732438623905182
0.48040008544921875
0.5033745765686035
0.5052466988563538
0.5222319960594177
0.5533366799354553
0.4836435616016388
0.4940045475959778
0.4890483021736145
0.5335917472839355
0.4783135950565338
0.4872961938381195
0.5191938281059265
0.4844784736633301
0.5079221725463867
0.49975699186325073
0.49352937936782837
0.4838573932647705
0.4892173409461975
0.5208514332771301
0.5038502216339111
0.5404542088508606
0.49223148822784424
0.517532229423523
0.47608959674835205
0.5207142233848572
0.49989303946495056
0.49692368507385254
0.5469939708709717
0.48848047852516174
0.47904732823371887
0.47524142265319824
0.49060699343681335
0.5164416432380676
0.47562095522880554
0.5291663408279419
0.5260187387466431
0.506222665309906
0.48527005314826965
0.47234222292900085
0.5172410607337952
0.5077500939369202
0.48685792088508606
0.4814261198043823
0.48747849464416504
0.5038679838180542
0.5172258019447327
0.5042656064033508
0.5034597516059875
0.5832093358039856
0.49937236309051514
0.47120925784111023
0.4963240921497345
0.4946748614311218
0.49920788407325745
0.49492549896240234
0.5021326541900635
0.6165996193885803
0.5016093850135803
0.5438331961631775
0.5287876725196838
0.47461575269699097
0.4849865436553955
0.48667648434638977
0.5346587896347046
0.48974835872650146
0.5046805739402771
0.5010243058204651
0.46860361099243164
0.5040592551231384
0.4805540442466736
0.5197240114212036
0.4947362244129181
0.5208986401557922
0.4637938141822815
0.5285178422927856
0.5135492086410522
0.4750848412513733
0.49899885058403015
0.48242393136024475
0.4895024597644806
0.5298243165016174
0.5847729444503784
0.4964117705821991
0.5313764810562134
0.4849344789981842
0.5175435543060303
0.5077646970748901
0.5312926173210144
0.5192937254905701
0.4715616703033447
0.5248526334762573
0.5008198022842407
0.49638983607292175
0.48569169640541077
0.5117700099945068
0.5220192074775696
0.4985325336456299
0.5235196352005005
0.5395447015762329
0.45466315746307373
0.48561257123947144
0.45462873578071594
0.4895293712615967
0.4774150252342224
0.48141172528266907
0.4951122999191284
0.4875369668006897
0.4958740770816803
0.5336114168167114
0.4908200204372406
0.4730350077152252
0.5206389427185059
0.4620116353034973
0.4943496882915497
0.4865174889564514
0.4989454448223114
0.5517476797103882
0.5252886414527893
0.484895795583725
0.46309229731559753
0.5183562636375427
0.46844732761383057
0.49512428045272827
0.4902728796005249
0.5065043568611145
0.5080350041389465
0.4685054421424866
0.5501905679702759
0.487241268157959
0.46931472420692444
0.4934753179550171
0.47735118865966797
0.4693976044654846
0.5033599138259888
0.4782507121562958
0.48532989621162415
0.4900982081890106
0.4637598395347595
0.5008501410484314
0.5026564598083496
0.48987090587615967
0.4675738215446472
0.5022645592689514
0.4925576150417328
0.4726179540157318
0.49621346592903137
0.5023908615112305
0.49377721548080444
0.4880664646625519
0.46494701504707336
0.4852520227432251
0.5024121999740601
0.4709182679653168
0.48864346742630005
0.4635779857635498
0.4903471767902374
0.46299225091934204
0.49466413259506226
0.4989069700241089
0.5082705020904541
0.47253626585006714
0.48548415303230286
0.49343279004096985
0.5068386197090149
0.45753684639930725
0.47964417934417725
0.5090840458869934
0.5184808373451233
0.5325244665145874
0.4966723620891571
0.4917686879634857
0.4789867103099823
0.49022531509399414
0.5179547667503357
0.5397242307662964
0.469494104385376
0.4712306261062622
0.49175283312797546
0.551317572593689
0.47417351603507996
0.4764924645423889
0.4803731441497803
0.4500012993812561
0.5054143667221069
0.45870476961135864
0.4976118803024292
0.5188891887664795
0.46557992696762085
0.5216719508171082
0.5083536505699158
0.5041019916534424
0.44309353828430176
0.4866989254951477
0.4853852391242981
0.48911821842193604
0.47244125604629517
0.45348888635635376
0.4814325273036957
0.4749927520751953
0.48052021861076355
0.476881742477417
0.49404415488243103
0.4714833199977875
0.4563339650630951
0.5197836756706238
0.4772626757621765
0.48900550603866577
0.4981445074081421
0.5517600774765015
0.4928434193134308
0.562326192855835
0.5063364505767822
0.5047852993011475
0.4920612573623657
0.504973292350769
0.5176472663879395
0.4770045578479767
0.4941313564777374
0.4688105881214142
0.4837891757488251
0.5104824900627136
0.5377258658409119
0.46488016843795776
0.49103906750679016
0.4820847511291504
0.4664939045906067
0.45321008563041687
0.5079843401908875
0.5153677463531494
0.4602414667606354
0.4998910129070282
0.46433117985725403
0.4539950489997864
0.46825793385505676
0.4676945209503174
0.46867847442626953
0.4843128025531769
0.47700369358062744
0.4497070014476776
0.5199658870697021
0.47794270515441895
0.4575822353363037
0.45258790254592896
0.47254323959350586
0.465047687292099
0.48953840136528015
0.5037920475006104
0.4576364755630493
0.4806862771511078
0.4899613559246063
0.501169741153717
0.4638393819332123
0.5286774039268494
0.506440281867981
0.5037602186203003
0.4981781244277954
0.4957526922225952
0.48532646894454956
0.48632416129112244
0.5047690868377686
0.46502700448036194
0.48926761746406555
0.45858246088027954
0.4724612534046173
0.4579128623008728
0.4833940267562866
0.5306957960128784
0.4726203978061676
0.4613198935985565
0.4907158613204956
0.49776652455329895
0.48207902908325195
0.45201340317726135
0.47515180706977844
0.47257184982299805
0.460027277469635
0.4640040993690491
0.4658341705799103
0.4871010184288025
0.4668499827384949
0.5020777583122253
0.47839513421058655
0.4886329174041748
0.5188031792640686
0.47640448808670044
0.4409033954143524
0.44915860891342163
0.46445509791374207
0.5019629001617432
0.4682919383049011
0.47864294052124023
0.4499378204345703
0.4772581160068512
0.5220073461532593
0.45674222707748413
0.5090996623039246
0.48377954959869385
0.5183975100517273
0.4380640685558319
0.4987180829048157
0.47359713912010193
0.4927939474582672
0.459184855222702
0.5121163129806519
0.4558696150779724
0.4676065742969513
0.48498889803886414
0.4543265402317047
0.47741562128067017
0.4545925557613373
0.4844784438610077
0.4661419093608856
0.4669854938983917
0.4859336018562317
0.4616597294807434
0.48858121037483215
0.47271260619163513
0.4788947105407715
0.4765082597732544
0.44959762692451477
0.4502001702785492
0.4605006277561188
0.4927172064781189
0.47049543261528015
0.4567262530326843
0.4910687804222107
0.48315170407295227
0.450143963098526
0.46055474877357483
0.44948649406433105
0.4514164924621582
0.4380607306957245
0.464505672454834
0.45420610904693604
0.46490421891212463
0.4555908143520355
0.5001179575920105
0.4491089880466461
0.472893625497818
0.4956449568271637
0.5005836486816406
0.48911771178245544
0.46777719259262085
0.5367639064788818
0.4826439619064331
0.5177920460700989
0.46249234676361084
0.4937061667442322
0.4705336391925812
0.5186301469802856
0.48812615871429443
0.47015225887298584
0.5088667869567871
0.511013388633728
0.5102390646934509
0.4628221094608307
0.47642531991004944
0.4683974087238312
0.4896649718284607
0.4593338072299957
0.49065694212913513
0.48366785049438477
0.4859378933906555
0.45626574754714966
0.5063275098800659
0.4765510559082031
0.4377058148384094
0.4460766911506653
0.484534353017807
0.4935819208621979
0.44140759110450745
0.47906801104545593
0.4713224470615387
0.4468627870082855
0.4649386405944824
0.530972957611084
0.48422524333000183
0.44758865237236023
0.4815090298652649
0.45059651136398315
0.5293633341789246
0.45125246047973633
0.5273548364639282
0.4771620035171509
0.4599529802799225
0.473312646150589
0.44977304339408875
0.43879765272140503
0.4743996262550354
0.4828680455684662
0.47384700179100037
0.47290343046188354
0.5185513496398926
0.49371105432510376
0.45493268966674805
0.45848432183265686
0.475541889667511
0.4589569866657257
0.48891350626945496
0.4653075933456421
0.4771336317062378
0.47638219594955444
0.47155123949050903
0.4628109335899353
0.4467252790927887
0.44561678171157837
0.4547469913959503
0.4712908864021301
0.4726811945438385
0.4809412956237793
0.45193150639533997
0.45214030146598816
0.45841771364212036
0.4563941955566406
0.4857643246650696
0.4745084345340729
0.4446178376674652
0.44148895144462585
0.5123791098594666
0.46889087557792664
0.46629586815834045
0.45296522974967957
0.45423004031181335
0.5095616579055786
0.46007686853408813
0.4441903531551361
0.4856092929840088
0.45293956995010376
0.46571066975593567
0.4579620361328125
0.4382934272289276
0.5390845537185669
0.4400250315666199
0.4638858437538147
0.4938870370388031
0.4705580174922943
0.5221392512321472
0.4718394875526428
0.4895780086517334
0.4893326759338379
0.47442618012428284
0.45817479491233826
0.4651341438293457
0.5168545842170715
0.44563788175582886
0.5031907558441162
0.4444460868835449
0.4642641842365265
0.47438865900039673
0.44088518619537354
0.5035509467124939
0.47946903109550476
0.46863892674446106
0.4651636481285095
0.4667632281780243
0.4398265480995178
0.4608539938926697
0.47231656312942505
0.4311832785606384
0.48993754386901855
0.4407871961593628
0.512861430644989
0.4516993463039398
0.46515655517578125
0.46293067932128906
0.4522155225276947
0.4791882336139679
0.5516858696937561
0.4615960419178009
0.4986286461353302
0.49382466077804565
0.4571152627468109
0.45447179675102234
0.46314433217048645
0.48414257168769836
0.46250835061073303
0.4390779733657837
0.45698559284210205
0.44497016072273254
0.44290629029273987
0.5011981129646301
0.4473630487918854
0.4510233402252197
0.4618481993675232
0.48727235198020935
0.4811914563179016
0.4708065390586853
0.4745157063007355
0.45047375559806824
0.4349718987941742
0.44270843267440796
0.4461960792541504
0.4577082395553589
0.429939329624176
0.4295062720775604
0.4511623978614807
0.48185813426971436
0.47277384996414185
0.4545328617095947
0.4606151282787323
0.4467245042324066
0.45971471071243286
0.4274251163005829
0.45699343085289
0.4576619863510132
0.4347972273826599
0.4511067569255829
0.4217909574508667
0.4602673053741455
0.4635566174983978
0.46001020073890686
0.4926895201206207
0.4516051709651947
0.5052249431610107
0.4641430974006653
0.4685043692588806
0.480909526348114
0.44615939259529114
0.46020516753196716
0.45304372906684875
0.430934876203537
0.4670136868953705
0.45679035782814026
0.46605807542800903
0.45838940143585205
0.4588897228240967
0.4516626298427582
0.47961390018463135
0.49099278450012207
0.4810495972633362
0.44209861755371094
0.45491307973861694
0.4414566159248352
0.4792540371417999
0.44578903913497925
0.43809404969215393
0.5126820206642151
0.45061928033828735
0.4692167043685913
0.47498980164527893
0.4599723219871521
0.4666388928890228
0.47762852907180786
0.48137444257736206
0.43100884556770325
0.4494631290435791
0.4613744616508484
0.4516518712043762
0.4724477529525757
0.4528976082801819
0.45249754190444946
0.46312856674194336
0.4703713059425354
0.4719819128513336
0.46891409158706665
0.46032455563545227
0.45489102602005005
0.4531067907810211
0.4666266143321991
0.4572575092315674
0.4775416851043701
0.4607607424259186
0.48277971148490906
0.4470759332180023
0.4762364327907562
0.43534988164901733
0.4574611186981201
0.41978105902671814
0.45436522364616394
0.4501793384552002
0.44710734486579895
0.4400157928466797
0.4390214681625366
0.48606860637664795
0.48295438289642334
0.4539957344532013
0.4737817645072937
0.48970168828964233
0.5059738159179688
0.4425711929798126
0.4248347878456116
0.45536282658576965
0.5003629922866821
0.4544202387332916
0.43424299359321594
0.4301093518733978
0.5289429426193237
0.46996966004371643
0.44926998019218445
0.4379652738571167
0.4476223587989807
0.4775167405605316
0.48809295892715454
0.4553464353084564
0.4543057680130005
0.4592190086841583
0.4761086702346802
0.46803969144821167
0.42835596203804016
0.4393700361251831
0.4532613754272461
0.4918467402458191
0.4831908941268921
0.4612371027469635
0.44511738419532776
0.44779571890830994
0.4504207968711853
0.46196117997169495
0.47186508774757385
0.4691471755504608
0.4567054510116577
0.4743780493736267
0.4394484758377075
0.44391974806785583
0.4371502101421356
0.4184238612651825
0.4534761905670166
0.44616901874542236
0.4619172513484955
0.44276008009910583
0.4542764127254486
0.4619675874710083
0.43298304080963135
0.4581432044506073
0.464969277381897
0.4867367446422577
0.4514960050582886
0.443049818277359
0.43386462330818176
0.43709370493888855
0.4450031518936157
0.4212111830711365
0.4515818953514099
0.4534602463245392
0.47934144735336304
0.4710156321525574
0.44055572152137756
0.4523915946483612
0.4611639976501465
0.45281219482421875
0.4650150537490845
0.48049256205558777
0.4716551899909973
0.4622914493083954
0.46395084261894226
0.45337584614753723
0.4419378638267517
0.4693520963191986
0.4552830457687378
0.4572482109069824
0.4235000014305115
0.4658103585243225
0.4675295948982239
0.45313793420791626
0.4778252840042114
0.4304751455783844
0.41641485691070557
0.43437710404396057
0.43842992186546326
0.44997256994247437
0.4323307275772095
0.4637170732021332
0.446588397026062
0.4821876883506775
0.4677274823188782
0.43024808168411255
0.45591652393341064
0.4456011652946472
0.47057753801345825
0.468477725982666
0.44531816244125366
0.4393880367279053
0.42418530583381653
0.4360225200653076
0.4382510483264923
0.48044252395629883
0.43634307384490967
0.44926324486732483
0.43646439909935
0.4728253185749054
0.4819400906562805
0.45091480016708374
0.43816566467285156
0.5219111442565918
0.43798890709877014
0.43518584966659546
0.445727676153183
0.4489520192146301
0.45994383096694946
0.4378727078437805
0.47230619192123413
0.5044088363647461
0.4801120460033417
0.4260895550251007
0.5298787951469421
0.43083029985427856
0.43426838517189026
0.4444989264011383
0.47689908742904663
0.4457607567310333
0.4681917130947113
0.4466446042060852
0.4293440580368042
0.45690521597862244
0.45480403304100037
0.44533154368400574
0.45294052362442017
0.4418621063232422
0.45257365703582764
0.4296470284461975
0.44153374433517456
0.44986236095428467
0.44033902883529663
0.4274615943431854
0.44452568888664246
0.4737352728843689
0.43324437737464905
0.4961748421192169
0.43376195430755615
0.4645410478115082
0.4568648934364319
0.4562886655330658
0.4498535096645355
0.44244804978370667
0.5005908608436584
0.4436153471469879
0.43459177017211914
0.43016427755355835
0.4318406283855438
0.44496840238571167
0.4447922110557556
0.4303499162197113
0.4622782766819
0.4415443539619446
0.4365694522857666
0.4419406056404114
0.47838640213012695
0.4157453179359436
0.4364404082298279
0.4355064034461975
0.5035098195075989
0.44554904103279114
0.44132542610168457
0.460140198469162
0.4527726173400879
0.4575599730014801
0.4745347499847412
0.42567136883735657
0.4457054138183594
0.42153412103652954
0.46502402424812317
0.44334134459495544
0.43317264318466187
0.4245213270187378
0.4420626163482666
0.45100510120391846
0.47539350390434265
0.44546979665756226
0.44055643677711487
0.4696851968765259
0.4595491290092468
0.44003361463546753
0.4752112030982971
0.4828591048717499
0.4501096308231354
0.43497520685195923
0.47165894508361816
0.46215274930000305
0.44606417417526245
0.46440285444259644
0.4674915075302124
0.4832882881164551
0.5121542811393738
0.4302521049976349
0.4621722400188446
0.45643579959869385
0.4690187871456146
0.4194450378417969
0.44094595313072205
0.4755764901638031
0.4420674443244934
0.47473570704460144
0.4848175048828125
0.45074814558029175
0.4801618754863739
0.42569440603256226
0.4588472843170166
0.4486870765686035
0.4624359607696533
0.44491949677467346
0.4303104877471924
0.42718350887298584
0.44390907883644104
0.4852863550186157
0.46077585220336914
0.4582909941673279
0.43896928429603577
0.4963146448135376
0.4266623258590698
0.44144392013549805
0.42375561594963074
0.43675315380096436
0.43827950954437256
0.4204673171043396
0.5011857151985168
0.46149808168411255
0.4677828550338745
0.4329182803630829
0.44045549631118774
0.4729019105434418
0.4312659204006195
0.47562968730926514
0.44364455342292786
0.4489065706729889
0.4831317067146301
0.43327420949935913
0.4371699094772339
0.4411008059978485
0.4439302384853363
0.4387599229812622
0.42851537466049194
0.4464108943939209
0.45562291145324707
0.4325275421142578
0.4584537744522095
0.4351406395435333
0.4282486140727997
0.46521082520484924
0.4628441631793976
0.4412079453468323
0.46153801679611206
0.46054887771606445
0.44271546602249146
0.44487571716308594
0.4491322934627533
0.46684709191322327
0.4509469270706177
0.44915682077407837
0.42930883169174194
0.46687281131744385
0.4920091927051544
0.44306105375289917
0.5090292692184448
0.4642918109893799
0.45517697930336
0.44026997685432434
0.4725736379623413
0.44925135374069214
0.4774974584579468
0.4347667992115021
0.43406230211257935
0.44417357444763184
0.4350304901599884
0.41708338260650635
0.42806366086006165
0.4685570001602173
0.4421355426311493
0.42557743191719055
0.4451766610145569
0.43720221519470215
0.45049214363098145
0.43284517526626587
0.42957377433776855
0.42522838711738586
0.4683469831943512
0.4238620102405548
0.4175008237361908
0.4641331434249878
0.4401506185531616
0.4437420964241028
0.45586687326431274
0.42739254236221313
0.4579482972621918
0.4317972958087921
0.4273863434791565
0.42936068773269653
0.4210929870605469
0.4185807704925537
0.4989064037799835
0.41576912999153137
0.44421473145484924
0.45269739627838135
0.4480222165584564
0.4302074611186981
0.4377671182155609
0.4251401126384735
0.4501068890094757
0.46406877040863037
0.4238923490047455
0.430302232503891
0.4782863259315491
0.4589061141014099
0.449393093585968
0.431870698928833
0.48591750860214233
0.4498675465583801
0.4415318965911865
0.4403303861618042
0.4577932357788086
0.4505103528499603
0.4567323923110962
0.43984904885292053
0.4384229779243469
0.4523540437221527
0.4349956810474396
0.42071443796157837
0.5144277215003967
0.4617561101913452
0.4448171555995941
0.44460785388946533
0.4352148771286011
0.43827885389328003
0.43156468868255615
0.46384182572364807
0.46643808484077454
0.43190309405326843
0.422679603099823
0.4343471825122833
0.444500207901001
0.4718632102012634
0.4738771617412567
0.44073835015296936
0.4223935306072235
0.45142191648483276
0.46682700514793396
0.4138537347316742
0.44420573115348816
0.4346460998058319
0.431064635515213
0.44318118691444397
0.4278208613395691
0.4914315640926361
0.4354904890060425
0.45664340257644653
0.40916505455970764
0.46602070331573486
0.4375845789909363
0.4289255738258362
0.42236220836639404
0.4962834119796753
0.4512612521648407
0.4691160023212433
0.46953052282333374
0.4594109058380127
0.43469300866127014
0.4501796364784241
0.43266749382019043
0.41858795285224915
0.41882386803627014
0.44930118322372437
0.42800822854042053
0.4219537377357483
0.46253344416618347
0.4461902976036072
0.42435914278030396
0.43295925855636597
0.4464907944202423
0.4856133460998535
0.42594581842422485
0.48264265060424805
0.46547165513038635
0.41637155413627625
0.4571393132209778
0.4501004219055176
0.428846538066864
0.5007322430610657
0.44449618458747864
0.4684084951877594
0.44398847222328186
0.45242175459861755
0.4615204632282257
0.4377110004425049
0.43245983123779297
0.4300299882888794
0.4490795433521271
0.42357972264289856
0.45077788829803467
0.4822620153427124
0.43598073720932007
0.4342149496078491
0.4710395932197571
0.4323311448097229
0.4259239733219147
0.4777386486530304
0.45696014165878296
0.42847490310668945
0.4197380244731903
0.4264945089817047
0.44023561477661133
0.4290262758731842
0.4274469017982483
0.42372968792915344
0.4296890199184418
0.44865527749061584
0.4474961757659912
0.43682861328125
0.4206286668777466
0.4479281008243561
0.420544296503067
0.45474016666412354
0.45551592111587524
0.42476263642311096
0.40376919507980347
0.4243690073490143
0.4275113344192505
0.42979031801223755
0.4323055148124695
0.4484378695487976
0.41578879952430725
0.4500780999660492
0.4493407905101776
0.4311264753341675
0.4336773157119751
0.4300469756126404
0.4320620000362396
0.4706040024757385
0.4333655536174774
0.43176132440567017
0.4560166299343109
0.4372263550758362
0.43004170060157776
0.4424176514148712
0.4118560552597046
0.4132685661315918
0.44039177894592285
0.4345831573009491
0.45047858357429504
0.4131755232810974
0.4219321310520172
0.42855921387672424
0.4170531630516052
0.44359439611434937
0.4123643934726715
0.4216160476207733
0.4471094012260437
0.4354456663131714
0.43747079372406006
0.49012893438339233
0.41380399465560913
0.44156694412231445
0.4544694721698761
0.43311235308647156
0.4349226653575897
0.4350810945034027
0.4285416007041931
0.44727063179016113
0.4610523283481598
0.4323102831840515
0.43040111660957336
0.42479443550109863
0.43415898084640503
0.4227324426174164
0.4385840594768524
0.43687117099761963
0.41970545053482056
0.44086772203445435
0.4235469698905945
0.4295198917388916
0.4334002733230591
0.43395188450813293
0.42885762453079224
0.5158727765083313
0.43321549892425537
0.45830056071281433
0.4819786846637726
0.4385276734828949
0.43482932448387146
0.4776402413845062
0.47580522298812866
0.4638108015060425
0.4478156268596649
0.4616153836250305
0.417956680059433
0.4469815194606781
0.45250749588012695
0.5199227333068848
0.4524421691894531
0.46995750069618225
0.44242751598358154
0.473577618598938
0.4531092345714569
0.4239615797996521
0.44546905159950256
0.41852355003356934
0.4917948544025421
0.4254663586616516
0.4566965699195862
0.44193708896636963
0.440704345703125
0.43288764357566833
0.43368953466415405
0.43830132484436035
0.42142802476882935
0.4404982924461365
0.44143229722976685
0.4532428979873657
0.43463003635406494
0.41597747802734375
0.471429705619812
0.43146201968193054
0.444915235042572
0.4538300037384033
0.43366220593452454
0.4395000636577606
0.42773687839508057
0.428730845451355
0.4740886092185974
0.4414651393890381
0.43705692887306213
0.42632102966308594
0.4230743646621704
0.42547276616096497
0.4566464126110077
0.4406866133213043
0.4378182888031006
0.44283628463745117
0.4513281285762787
0.4316369593143463
0.4202321171760559
0.458858460187912
0.4710230529308319
0.44314372539520264
0.4368107318878174
0.42622366547584534
0.4376133978366852
0.46375328302383423
0.42068377137184143
0.44727596640586853
0.5228230953216553
0.4371855854988098
0.41886934638023376
0.4307993948459625
0.4245257079601288
0.43617740273475647
0.4316975474357605
0.4436362087726593
0.44295620918273926
0.4397530257701874
0.41529035568237305
0.479535847902298
0.43515294790267944
0.43286845088005066
0.434347003698349
0.4310750663280487
0.4342733323574066
0.4286324381828308
0.42874985933303833
0.4728592038154602
0.4224470853805542
0.4419008791446686
0.436319500207901
0.421012282371521
0.42514586448669434
0.4041696786880493
0.4459591507911682
0.4217749834060669
0.43137767910957336
0.4429144263267517
0.4378572404384613
0.42195698618888855
0.44322699308395386
0.42205411195755005
0.4567925035953522
0.4103735089302063
0.4368494153022766
0.42074915766716003
0.42536449432373047
0.42412781715393066
0.4543094336986542
0.4172596335411072
0.43586453795433044
0.44563865661621094
0.45689260959625244
0.43743520975112915
0.4213995933532715
0.4503677487373352
0.46908849477767944
0.41114047169685364
0.48465463519096375
0.4607713222503662
0.4154040217399597
0.4437177777290344
0.4205322265625
0.4145416021347046
0.43518930673599243
0.4341578781604767
0.4370100796222687
0.433298259973526
0.45126873254776
0.4268200099468231
0.4328218400478363
0.443363755941391
0.48907503485679626
0.4320213496685028
0.42510977387428284
0.436442106962204
0.4541683793067932
0.48453035950660706
0.4387909173965454
0.426491916179657
0.42721736431121826
0.45028045773506165
0.4391689598560333
0.4644201099872589
0.4682202637195587
0.43330326676368713
0.527283787727356
0.42281264066696167
0.4224824607372284
0.4265182614326477
0.46027493476867676
0.4500649571418762
0.4407188296318054
0.4210034906864166
0.4845922589302063
0.42991146445274353
0.4566696286201477
0.49080005288124084
0.4229280352592468
0.44023939967155457
0.4409949481487274
0.4282143712043762
0.4133698642253876
0.4321327209472656
0.42192596197128296
0.40898624062538147
0.4325782358646393
0.4500255584716797
0.44262760877609253
0.5040415525436401
0.41556745767593384
0.41998618841171265
0.42563140392303467
0.4478837847709656
0.44194743037223816
0.5030097365379333
0.42053288221359253
0.4219180941581726
0.43220436573028564
0.4137350022792816
0.45304492115974426
0.4643522799015045
0.4108187258243561
0.41423940658569336
0.4158647656440735
0.4494112432003021
0.4995705783367157
0.4152570366859436
0.4353184700012207
0.42886438965797424
0.46209338307380676
0.45812562108039856
0.4123205244541168
0.4102315902709961
0.507607102394104
0.4167795479297638
0.4261617660522461
0.43089550733566284
0.4397135376930237
0.4369677007198334
0.44680139422416687
0.4357301890850067
0.4325104057788849
0.41409963369369507
0.4602721631526947
0.41592317819595337
0.47199714183807373
0.4972425401210785
0.42493417859077454
0.44623425602912903
0.4327377676963806
0.4182943105697632
0.43675559759140015
0.4696752429008484
0.48242175579071045
0.4733290374279022
0.4445577561855316
0.42202192544937134
0.47098198533058167
0.4172767400741577
0.4717300236225128
0.40791454911231995
0.4420945942401886
0.43019405007362366
0.4230545163154602
0.42431938648223877
0.49661415815353394
0.4602963328361511
0.4313367009162903
0.40952104330062866
0.4413958489894867
0.4288855195045471
0.47154247760772705
0.4684738218784332
0.4354180693626404
0.41551247239112854
0.4076343774795532
0.4265117049217224
0.40913698077201843
0.4298408329486847
0.4594687521457672
0.45765912532806396
0.40373969078063965
0.44269999861717224
0.41844290494918823
0.41225168108940125
0.4132382869720459
0.42664191126823425
0.44289684295654297
0.4600391387939453
0.4738156199455261
0.4765070080757141
0.45039743185043335
0.42732563614845276
0.4430907964706421
0.4627549648284912
0.4158068597316742
0.41915592551231384
0.4926937520503998
0.4418153464794159
0.40651917457580566
0.43547770380973816
0.42295095324516296
0.4275415241718292
0.4288545548915863
0.42554518580436707
0.43214526772499084
0.4223865568637848
0.45293429493904114
0.45911145210266113
0.4129466712474823
0.41525766253471375
0.46116501092910767
0.4148101806640625
0.4017784297466278
0.4157848060131073
0.46024584770202637
0.43756332993507385
0.4189683794975281
0.4202253222465515
0.46742334961891174
0.4290139973163605
0.4137057960033417
0.4438149333000183
0.4202485680580139
0.42833322286605835
0.4308333992958069
0.43742555379867554
0.44136497378349304
0.4484933018684387
0.4241616725921631
0.42635011672973633
0.40767744183540344
0.4093904495239258
0.40201619267463684
0.42151322960853577
0.42708006501197815
0.4325103163719177
0.43716275691986084
0.4329603612422943
0.4342927634716034
0.4382515549659729
0.428933322429657
0.4115747809410095
0.4318661689758301
0.43487823009490967
0.4285507798194885
0.40794843435287476
0.41398659348487854
0.4252770245075226
0.4433663487434387
0.4377250373363495
0.4822322726249695
0.41842302680015564
0.43765124678611755
0.4487711191177368
0.4558822512626648
0.4240614175796509
0.41300368309020996
0.43790507316589355
0.4413835406303406
0.4242466688156128
0.41359567642211914
0.41668906807899475
0.4363030195236206
0.4248828589916229
0.41811424493789673
0.4435262680053711
0.431960791349411
0.4230315685272217
0.47533562779426575
0.4257882833480835
0.42458605766296387
0.4774974584579468
0.432553768157959
0.4292758107185364
0.4378248453140259
0.47376537322998047
0.43780598044395447
0.4286830425262451
0.4239508807659149
0.521822988986969
0.43877092003822327
0.47873222827911377
0.4403206408023834
0.440535306930542
0.4399468004703522
0.41238880157470703
0.45640575885772705
0.44373348355293274
0.4151034653186798
0.39874476194381714
0.43025580048561096
0.4227532744407654
0.47332802414894104
0.43104949593544006
0.41339021921157837
0.4737136662006378
0.4377926290035248
0.41053858399391174
0.41061556339263916
0.4122154116630554
0.4324439764022827
0.4481267035007477
0.40948155522346497
0.444989413022995
0.441300630569458
0.42580240964889526
0.42443159222602844
0.41542646288871765
0.4095459580421448
0.4263290762901306
0.4229801297187805
0.4335727095603943
0.42025575041770935
0.4048836827278137
0.42949962615966797
0.41268834471702576
0.4182416498661041
0.4333498775959015
0.4224059581756592
0.41046103835105896
0.4151984453201294
0.41424432396888733
0.415561318397522
0.4257354140281677
0.5005041360855103
0.45628055930137634
0.4353109896183014
0.4154564440250397
0.4496959149837494
0.46144747734069824
0.42565134167671204
0.4226585030555725
0.4103105664253235
0.44978857040405273
0.4320167303085327
0.4249115288257599
0.43092644214630127
0.48024481534957886
0.4333361089229584
0.4326465129852295
0.423336923122406
0.4290394186973572
0.43195801973342896
0.44128769636154175
0.40849968791007996
0.40761494636535645
0.40688464045524597
0.46727079153060913
0.42610955238342285
0.472959041595459
0.42209625244140625
0.4634099006652832
0.46403229236602783
0.45255047082901
0.4464452564716339
0.43006250262260437
0.43838658928871155
0.4350496232509613
0.4261623024940491
0.42482513189315796
0.484711229801178
0.47208893299102783
0.4364664852619171
0.4285367429256439
0.443589985370636
0.4500495493412018
0.4226292669773102
0.43509113788604736
0.43351495265960693
0.4419668912887573
0.42878320813179016
0.4142467975616455
0.41778838634490967
0.41697102785110474
0.4185855984687805
0.44947540760040283
0.4225618243217468
0.5053967833518982
0.4598884880542755
0.4163638651371002
0.42271873354911804
0.43655160069465637
0.4362068772315979
0.4429769515991211
0.41519102454185486
0.434260755777359
0.44365808367729187
0.4103754162788391
0.43748217821121216
0.44855448603630066
0.4276735186576843
0.4358024299144745
0.418902724981308
0.41046464443206787
0.4036620855331421
0.40724170207977295
0.4006229341030121
0.44359299540519714
0.4820133447647095
0.4477592706680298
0.44036445021629333
0.4377913773059845
0.45772117376327515
0.440767377614975
0.4164837896823883
0.4694376587867737
0.4370259940624237
0.4201529622077942
0.5027685165405273
0.4128247797489166
0.4049590528011322
0.43230846524238586
0.45323655009269714
0.4545476734638214
0.4571324586868286
0.43176203966140747
0.4756210148334503
0.4316602945327759
0.4457484185695648
0.47052937746047974
0.43247100710868835
0.44514381885528564
0.42650654911994934
0.43670064210891724
0.42113688588142395
0.4242435395717621
0.4254884123802185
0.41324809193611145
0.4315357804298401
0.4172886610031128
0.45578259229660034
0.42375949025154114
0.4436139762401581
0.4460495710372925
0.4359321892261505
0.43259918689727783
0.40436190366744995
0.45016083121299744
0.4224490523338318
0.4243018329143524
0.42493706941604614
0.43722283840179443
0.4506083130836487
0.43419963121414185
0.47136491537094116
0.415386438369751
0.4024031162261963
0.4276793599128723
0.4280523955821991
0.40719354152679443
0.4258667826652527
0.42830508947372437
0.4240560531616211
0.40823790431022644
0.42503833770751953
0.42561784386634827
0.43113911151885986
0.4426025152206421
0.4150567054748535
0.41958966851234436
0.47895023226737976
0.4098539352416992
0.41244399547576904
0.4495401978492737
0.41365790367126465
0.4120185077190399
0.443764865398407
0.4293299913406372
0.43081068992614746
0.4216533303260803
0.4804634749889374
0.4321586787700653
0.4336552917957306
0.42070186138153076
0.4349041283130646
0.4460589289665222
0.4468470811843872
0.4355379343032837
0.41906923055648804
0.41926348209381104
0.4294952154159546
0.43902191519737244
0.4697566628456116
0.427481472492218
0.44193100929260254
0.4162910580635071
0.4422744810581207
0.4608074426651001
0.4236644208431244
0.43535467982292175
0.4455457925796509
0.4346572756767273
0.4257018268108368
0.407271146774292
0.4505159258842468
0.44114482402801514
0.45329707860946655
0.4699527323246002
0.4264753460884094
0.44375473260879517
0.44765788316726685
0.43936887383461
0.4477487802505493
0.43348926305770874
0.4247265160083771
0.4153371751308441
0.4157317280769348
0.4297806918621063
0.4852987229824066
0.4846414029598236
0.4520713686943054
0.4075345993041992
0.42355698347091675
0.4244706332683563
0.4117524027824402
0.42063069343566895
0.4119933843612671
0.4208337664604187
0.421187162399292
0.41135042905807495
0.4207856059074402
0.4136695861816406
0.41295257210731506
0.4076057970523834
0.43431714177131653
0.4339790642261505
0.44517531991004944
0.43884608149528503
0.45501893758773804
0.42332515120506287
0.4149666428565979
0.44523051381111145
0.4262808859348297
0.4216155409812927
0.4314860701560974
0.4127659499645233
0.42426228523254395
0.40835678577423096
0.4316641092300415
0.4324069321155548
0.43129846453666687
0.4212273359298706
0.42892274260520935
0.4137325882911682
0.42198440432548523
0.43182361125946045
0.43623366951942444
0.42298030853271484
0.43703460693359375
0.43163177371025085
0.418573796749115
0.4150751829147339
0.42442694306373596
0.4138115346431732
0.46953722834587097
0.4238569438457489
0.4234007000923157
0.41505470871925354
0.46852076053619385
0.416629433631897
0.44978034496307373
0.45751532912254333
0.40743136405944824
0.41967010498046875
0.4136080741882324
0.4133540093898773
0.42826780676841736
0.4094914197921753
0.4298100769519806
0.4146827161312103
0.4291808307170868
0.45388203859329224
0.3984439969062805
0.4196355640888214
0.41245365142822266
0.4032190144062042
0.44648876786231995
0.43275532126426697
0.4055764079093933
0.423231303691864
0.4018574059009552
0.40327930450439453
0.41231051087379456
0.3977010250091553
0.46516820788383484
0.4164952039718628
0.40963423252105713
0.4563940763473511
0.4028904438018799
0.4174260199069977
0.4149382710456848
0.4054214060306549
0.45826825499534607
0.4305248260498047
0.45761817693710327
0.4685128629207611
0.4242011308670044
0.4227372407913208
0.4439917802810669
0.4113992154598236
0.4246372878551483
0.4107421040534973
0.415585458278656
0.41684281826019287
0.4238572120666504
0.41458654403686523
0.42613983154296875
0.4077598750591278
0.44240596890449524
0.4330222010612488
0.4496327042579651
0.4318896532058716
0.43770700693130493
0.41004514694213867
0.4418810307979584
0.40818119049072266
0.42778143286705017
0.433622807264328
0.42440369725227356
0.415557861328125
0.4004896283149719
0.39878836274147034
0.4050534963607788
0.4241594076156616
0.4312213063240051
0.44394299387931824
0.4516068696975708
0.4202808737754822
0.42871853709220886
0.41356855630874634
0.43665778636932373
0.43064644932746887
0.4130971431732178
0.4371013939380646
0.4701804220676422
0.3972732722759247
0.41776570677757263
0.40949225425720215
0.4348197877407074
0.4147462546825409
0.41795414686203003
0.44485294818878174
0.4426569938659668
0.4014517366886139
0.4507436156272888
0.4584304392337799
0.43177667260169983
0.40666520595550537
0.43448764085769653
0.4597639739513397
0.4135294258594513
0.4084690809249878
0.4140780568122864
0.4560312330722809
0.42483553290367126
0.4470137059688568
0.43508976697921753
0.43990546464920044
0.42330852150917053
0.41971051692962646
0.4191909432411194
0.4432622492313385
0.4383351504802704
0.4356080889701843
0.40805894136428833
0.45682209730148315
0.40274977684020996
0.41576388478279114
0.446850448846817
0.43463775515556335
0.4113291800022125
0.42691487073898315
0.4575648605823517
0.4141784906387329
0.41998836398124695
0.45283523201942444
0.4252178370952606
0.4263577163219452
0.43523740768432617
0.4707523584365845
0.4189950227737427
0.40165209770202637
0.40954235196113586
0.4174792468547821
0.45021486282348633
0.4460083544254303
0.398311972618103
0.4420332908630371
0.4789229929447174
0.4195874035358429
0.42996862530708313
0.42688223719596863
0.42433759570121765
0.4154818654060364
0.43032097816467285
0.4141630232334137
0.40658891201019287
0.4304616153240204
0.4268864095211029
0.42106765508651733
0.4010346829891205
0.4063834547996521
0.4210784435272217
0.46467265486717224
0.40014100074768066
0.46112343668937683
0.41381990909576416
0.44552722573280334
0.4180823564529419
0.4536692500114441
0.4081542193889618
0.4069807231426239
0.40558189153671265
0.4026887118816376
0.4521615505218506
0.42534536123275757
0.41463205218315125
0.4045783281326294
0.40402212738990784
0.4086364507675171
0.4081346392631531
0.40380188822746277
0.4268377423286438
0.4307413399219513
0.4295896887779236
0.443106085062027
0.433133065700531
0.42161399126052856
0.4085173010826111
0.4339264929294586
0.4141710698604584
0.42957401275634766
0.4413977563381195
0.48341161012649536
0.4239336848258972
0.44824865460395813
0.41872456669807434
0.4028381109237671
0.42122507095336914
0.40884363651275635
0.4918432831764221
0.41983798146247864
0.4233884811401367
0.4015423059463501
0.4267910420894623
0.45203298330307007
0.4240621030330658
0.4598551392555237
0.469643771648407
0.43315404653549194
0.42579007148742676
0.42002731561660767
0.41112977266311646
0.4270199239253998
0.41333284974098206
0.4128022789955139
0.4219653010368347
0.43027108907699585
0.4365171492099762
0.39930006861686707
0.45859307050704956
0.4556892216205597
0.41322046518325806
0.42108970880508423
0.4088115692138672
0.4038133919239044
0.40488192439079285
0.4209230840206146
0.40227067470550537
0.3982542157173157
0.4728098213672638
0.4216674864292145
0.4445290267467499
0.4082421362400055
0.4306708872318268
0.4378446638584137
0.41139617562294006
0.4271344840526581
0.4143860936164856
0.4202294647693634
0.44201698899269104
0.42276686429977417
0.4062349796295166
0.40293022990226746
0.4533277750015259
0.413303941488266
0.4053380489349365
0.4078514873981476
0.4155198037624359
0.42046058177948
0.4279194474220276
0.4209437072277069
0.4389295279979706
0.4118793308734894
0.4566694498062134
0.4000244736671448
0.409717857837677
0.4367143213748932
0.44889143109321594
0.4378736615180969
0.4161396026611328
0.40539970993995667
0.40527018904685974
0.4395639896392822
0.403571754693985
0.41206276416778564
0.4268368184566498
0.42393630743026733
0.458534300327301
0.4202214479446411
0.4125947058200836
0.43752339482307434
0.4248485565185547
0.40709948539733887
0.4096544682979584
0.39833587408065796
0.40297889709472656
0.47191402316093445
0.42280974984169006
0.41101786494255066
0.4211050868034363
0.41035452485084534
0.41197121143341064
0.4222027361392975
0.41389986872673035
0.4239140748977661
0.403673380613327
0.39358219504356384
0.40098056197166443
0.4394909739494324
0.4059722125530243
0.40803542733192444
0.4463762044906616
0.4235084354877472
0.4180854856967926
0.4404365122318268
0.4208759367465973
0.406781405210495
0.4171747863292694
0.4478868544101715
0.4233992099761963
0.41150203347206116
0.40610459446907043
0.43271371722221375
0.403523713350296
0.4315961003303528
0.4116668999195099
0.4277288019657135
0.41792571544647217
0.40543222427368164
0.40376073122024536
0.4233533442020416
0.4175606071949005
0.48504650592803955
0.40895429253578186
0.4087856411933899
0.4055635333061218
0.42199528217315674
0.41526731848716736
0.39595314860343933
0.41565996408462524
0.42910775542259216
0.4256387948989868
0.4142829179763794
0.43194580078125
0.4505186676979065
0.4296116232872009
0.4162389039993286
0.4574553370475769
0.44120103120803833
0.4514908492565155
0.405830442905426
0.433601975440979
0.39512962102890015
0.4486331045627594
0.4126066565513611
0.4340648651123047
0.43469515442848206
0.45797550678253174
0.4206579923629761
0.41217148303985596
0.41394370794296265
0.42975571751594543
0.40928539633750916
0.43187952041625977
0.43765726685523987
0.41114792227745056
0.4249017834663391
0.4541762173175812
0.43599969148635864
0.41841837763786316
0.4124760925769806
0.45459070801734924
0.421379953622818
0.420440137386322
0.4184565842151642
0.4619366526603699
0.4239703416824341
0.4375147223472595
0.40928658843040466
0.4405844211578369
0.41486796736717224
0.43017661571502686
0.43586164712905884
0.4129985570907593
0.4139447510242462
0.4317058026790619
0.4315558671951294
0.4301711320877075
0.3870982527732849
0.4354179799556732
0.41533660888671875
0.4453544616699219
0.46888527274131775
0.42377376556396484
0.42533379793167114
0.4275902211666107
0.4281894564628601
0.4409944713115692
0.4622539281845093
0.41414013504981995
0.41568511724472046
0.3989979326725006
0.4658552408218384
0.40608450770378113
0.4189019501209259
0.41112378239631653
0.4192078113555908
0.4927803575992584
0.4314537048339844
0.4216482639312744
0.4287935197353363
0.4993375837802887
0.44492974877357483
0.42974573373794556
0.41809841990470886
0.40862300992012024
0.4024408757686615
0.4103872776031494
0.4381611943244934
0.4119952917098999
0.41535472869873047
0.41240718960762024
0.4347165822982788
0.46343517303466797
0.44387370347976685
0.4162968397140503
0.4221765398979187
0.43072745203971863
0.41364219784736633
0.41037487983703613
0.4030757248401642
0.40636664628982544
0.432353138923645
0.4482797384262085
0.42416131496429443
0.4184417724609375
0.42813941836357117
0.4301740527153015
0.4673336446285248
0.4430127739906311
0.41866621375083923
0.44416889548301697
0.41142621636390686
0.4457400441169739
0.46610310673713684
0.4257732629776001
0.41513803601264954
0.42669373750686646
0.4279401898384094
0.4277443289756775
0.4199197292327881
0.39877963066101074
0.4169560670852661
0.4013914167881012
0.41800493001937866
0.4223494529724121
0.4426209032535553
0.4336170256137848
0.43047600984573364
0.4219686985015869
0.4146038889884949
0.44236838817596436
0.42197149991989136
0.41944465041160583
0.43215182423591614
0.43528908491134644
0.4024757146835327
0.41505545377731323
0.43015050888061523
0.4061970114707947
0.4165795147418976
0.40819206833839417
0.4130399227142334
0.40349531173706055
0.40739884972572327
0.4246882200241089
0.4247191250324249
0.4200246036052704
0.40216583013534546
0.39565932750701904
0.44384562969207764
0.4356388747692108
0.41038888692855835
0.4233989417552948
0.4419347643852234
0.4077979326248169
0.41467028856277466
0.42428460717201233
0.4064001739025116
0.43138885498046875
0.4404415488243103
0.4196473956108093
0.4242511987686157
0.3961701989173889
0.4030444025993347
0.41062524914741516
0.4126512408256531
0.46421018242836
0.42595553398132324
0.4273853003978729
0.4125656187534332
0.407681941986084
0.4072125554084778
0.41632503271102905
0.41537585854530334
0.4052691161632538
0.4297492802143097
0.42311590909957886
0.4284082055091858
0.4117526412010193
0.41734063625335693
0.41521981358528137
0.4182990491390228
0.44101420044898987
0.4298084080219269
0.3982660472393036
0.41199249029159546
0.4144935607910156
0.43721240758895874
0.4375271499156952
0.4678592085838318
0.4111184775829315
0.4380846917629242
0.4534148871898651
0.4083951413631439
0.4301031529903412
0.42869579792022705
0.3917856514453888
0.41080987453460693
0.4354308843612671
0.45111069083213806
0.4291967451572418
0.41037705540657043
0.41287487745285034
0.42042845487594604
0.4144153296947479
0.4009544551372528
0.41146379709243774
0.40876296162605286
0.4036101996898651
0.4373808801174164
0.43132609128952026
0.41002073884010315
0.40859532356262207
0.40599679946899414
0.40089064836502075
0.421991229057312
0.41968485713005066
0.3992154002189636
0.4440881013870239
0.4091363847255707
0.42621031403541565
0.4203493893146515
0.4186622202396393
0.40797993540763855
0.4033665955066681
0.4400983452796936
0.43100517988204956
0.4372785985469818
0.4119298756122589
0.41191670298576355
0.4253120720386505
0.4316574037075043
0.407123327255249
0.399303138256073
0.42518940567970276
0.43559619784355164
0.4157744348049164
0.43706321716308594
0.4170733392238617
0.41114965081214905
0.4209216237068176
0.47363677620887756
0.4145055413246155
0.41998207569122314
0.432717889547348
0.41540488600730896
0.4395579695701599
0.40430328249931335
0.41339609026908875
0.40792199969291687
0.4125227928161621
0.4649195969104767
0.4644175171852112
0.41352808475494385
0.41623449325561523
0.39737945795059204
0.4225998818874359
0.46571576595306396
0.41178596019744873
0.43608060479164124
0.40211835503578186
0.4169996380805969
0.4205264151096344
0.4221089482307434
0.4177587032318115
0.435733437538147
0.4209721088409424
0.4926412105560303
0.4141121208667755
0.3965555429458618
0.40943288803100586
0.4221005141735077
0.4220500588417053
0.4274384081363678
0.40913906693458557
0.42459726333618164
0.4003545045852661
0.4386965036392212
0.41330838203430176
0.4158663749694824
0.45618051290512085
0.45868682861328125
0.4009714424610138
0.41283541917800903
0.4187021851539612
0.4186144769191742
0.4751693904399872
0.44156181812286377
0.403550922870636
0.39801451563835144
0.47953206300735474
0.4212040901184082
0.43831732869148254
0.4024469554424286
0.4274566173553467
0.44264689087867737
0.4382377862930298
0.42009589076042175
0.41869378089904785
0.40460827946662903
0.417296826839447
0.4166051745414734
0.432009220123291
0.43387570977211
0.4129408001899719
0.412575900554657
0.4215715825557709
0.40765947103500366
0.40714389085769653
0.40668487548828125
0.4148990213871002
0.4106239974498749
0.4167840778827667
0.4198276102542877
0.41334009170532227
0.4183332920074463
0.4057636260986328
0.4037614166736603
0.39842554926872253
0.40678778290748596
0.41589853167533875
0.4096001088619232
0.4156935214996338
0.40557634830474854
0.4178471267223358
0.44391077756881714
0.4269183874130249
0.407783567905426
0.408916711807251
0.4090372622013092
0.43789562582969666
0.4471229612827301
0.4104800522327423
0.43318337202072144
0.4171585738658905
0.40038618445396423
0.42614203691482544
0.4303426742553711
0.41370999813079834
0.4157417416572571
0.43092289566993713
0.4063073694705963
0.4335402846336365
0.42369315028190613
0.419449120759964
0.39893487095832825
0.4143637716770172
0.42437833547592163
0.4289647340774536
0.39215657114982605
0.4057973325252533
0.40703222155570984
0.4207947552204132
0.4651746153831482
0.45215895771980286
0.4039217531681061
0.403745174407959
0.4121432900428772
0.4437573552131653
0.4006956219673157
0.3876636326313019
0.4124395251274109
0.42653459310531616
0.4043349623680115
0.41100651025772095
0.46187955141067505
0.43792983889579773
0.4158047139644623
0.4432191848754883
0.3983665704727173
0.4205073118209839
0.4226190149784088
0.42666834592819214
0.4235965609550476
0.4230803847312927
0.42091870307922363
0.4842046797275543
0.4238514006137848
0.43686625361442566
0.44910576939582825
0.40326547622680664
0.43624812364578247
0.42283761501312256
0.43552929162979126
0.4095708727836609
0.4363819360733032
0.40111690759658813
0.3908703923225403
0.4268338084220886
0.40399420261383057
0.4091249108314514
0.4062172770500183
0.39544233679771423
0.4582451581954956
0.4636535048484802
0.4377967119216919
0.40383800864219666
0.4519425332546234
0.38712626695632935
0.3997049033641815
0.4060840606689453
0.42152565717697144
0.4112759530544281
0.42826005816459656
0.42164891958236694
0.3953002691268921
0.4335571527481079
0.4025481641292572
0.4379924237728119
0.39403006434440613
0.4414792060852051
0.3830251693725586
0.40212953090667725
0.4139861762523651
0.41177433729171753
0.39707526564598083
0.4397970139980316
0.4183732271194458
0.4361361563205719
0.41133660078048706
0.42911016941070557
0.4077974259853363
0.4206990599632263
0.4089288115501404
0.42872917652130127
0.4305863380432129
0.42100054025650024
0.42163002490997314
0.4256257116794586
0.42944812774658203
0.3958948850631714
0.4135020971298218
0.49395737051963806
0.39521363377571106
0.44712933897972107
0.40508514642715454
0.41924503445625305
0.4099004864692688
0.427182137966156
0.42542481422424316
0.4419562518596649
0.40037909150123596
0.4033592939376831
0.42818865180015564
0.4480760097503662
0.4218743145465851
0.40541011095046997
0.442483514547348
0.4058806002140045
0.41293802857398987
0.4032926559448242
0.4710661768913269
0.40804579854011536
0.44281911849975586
0.41854143142700195
0.4170466363430023
0.41513535380363464
0.40219056606292725
0.408709317445755
0.43222877383232117
0.46593233942985535
0.41217610239982605
0.43401649594306946
0.41881808638572693
0.4051690399646759
0.4524597227573395
0.4081573188304901
0.41681969165802
0.4155021905899048
0.4042300879955292
0.4181121289730072
0.4005800485610962
0.4243778884410858
0.4193013310432434
0.4339672923088074
0.4263729751110077
0.4419698715209961
0.40765032172203064
0.4009488821029663
0.39766356348991394
0.4039289653301239
0.41204380989074707
0.41927802562713623
0.40427902340888977
0.41414913535118103
0.3945019841194153
0.42077329754829407
0.390409380197525
0.4042838215827942
0.42977696657180786
0.43688565492630005
0.40859976410865784
0.3942418098449707
0.39784684777259827
0.3959214389324188
0.41460222005844116
0.417690634727478
0.40686315298080444
0.4038195312023163
0.404626727104187
0.4166345000267029
0.45361217856407166
0.4568771719932556
0.3953617215156555
0.41800421476364136
0.4494742751121521
0.4167918562889099
0.46754011511802673
0.4377051591873169
0.41015303134918213
0.42091795802116394
0.413852721452713
0.39665284752845764
0.40616869926452637
0.4153435230255127
0.46072933077812195
0.40742000937461853
0.42696383595466614
0.41951125860214233
0.41473960876464844
0.4263821542263031
0.414550244808197
0.4137619137763977
0.4335004985332489
0.3980773091316223
0.45194926857948303
0.4103372395038605
0.4082992374897003
0.40102189779281616
0.42308640480041504
0.424416720867157
0.4207485318183899
0.43492141366004944
0.44591808319091797
0.41378387808799744
0.40223318338394165
0.4070001244544983
0.4024514853954315
0.39055514335632324
0.4312620162963867
0.41825541853904724
0.42608004808425903
0.4182264506816864
0.41635194420814514
0.4233579933643341
0.40360063314437866
0.4078329801559448
0.4144902527332306
0.408748984336853
0.44744008779525757
0.41995522379875183
0.4049781858921051
0.4290289878845215
0.4060680568218231
0.4450991451740265
0.4253386855125427
0.4080289900302887
0.40140971541404724
0.44145309925079346
0.42517492175102234
0.4193173348903656
0.42022204399108887
0.4099382758140564
0.4038235545158386
0.4310266971588135
0.4614330530166626
0.41480910778045654
0.41655024886131287
0.40717875957489014
0.3966943323612213
0.41821223497390747
0.41872090101242065
0.462682843208313
0.4058465361595154
0.39921995997428894
0.4067535102367401
0.4084126949310303
0.4072962999343872
0.4166843891143799
0.4134269058704376
0.43700116872787476
0.4082934260368347
0.4208275079727173
0.4791148006916046
0.4284413158893585
0.40654659271240234
0.4082401394844055
0.4151291251182556
0.39970993995666504
0.4222441613674164
0.41055238246917725
0.4152899980545044
0.4945985972881317
0.41885411739349365
0.4096872806549072
0.4209325611591339
0.39317652583122253
0.4150989055633545
0.4135794937610626
0.4224186837673187
0.3958343267440796
0.4270046651363373
0.43237006664276123
0.38603806495666504
0.4246869385242462
0.46769294142723083
0.4703707993030548
0.4026924967765808
0.4755520224571228
0.4055151641368866
0.4009687602519989
0.4269578754901886
0.4276003837585449
0.39919981360435486
0.4773885905742645
0.40071484446525574
0.4003005921840668
0.4111681580543518
0.40470433235168457
0.4081612825393677
0.4366103410720825
0.4203168749809265
0.40638095140457153
0.4059743583202362
0.4261338412761688
0.41141924262046814
0.45271506905555725
0.46760833263397217
0.4205433428287506
0.39362454414367676
0.42717382311820984
0.40491360425949097
0.44490039348602295
0.4424385726451874
0.446565181016922
0.4009046256542206
0.4302918612957001
0.4105733633041382
0.4306083619594574
0.40682047605514526
0.4178650677204132
0.39504748582839966
0.42233291268348694
0.39099806547164917
0.43582218885421753
0.4573395252227783
0.4168630838394165
0.3868330121040344
0.406198114156723
0.4263843297958374
0.4088188111782074
0.4346122741699219
0.4193861484527588
0.4294150173664093
0.4124724268913269
0.45894286036491394
0.40863120555877686
0.4266270697116852
0.4038715362548828
0.4092114567756653
0.4488353133201599
0.42069774866104126
0.41333556175231934
0.43769216537475586
0.3905559480190277
0.41690197587013245
0.40950119495391846
0.4376857876777649
0.40869879722595215
0.4011494219303131
0.40516915917396545
0.422004371881485
0.42653217911720276
0.40640079975128174
0.39533668756484985
0.40466973185539246
0.44611936807632446
0.44089195132255554
0.40342336893081665
0.4058489203453064
0.4160131514072418
0.40203744173049927
0.40744316577911377
0.4141240119934082
0.4320952594280243
0.4005037546157837
0.41742733120918274
0.4095934331417084
0.3970910906791687
0.42075589299201965
0.41532498598098755
0.4077399969100952
0.4043920040130615
0.4430136978626251
0.4131273627281189
0.3909280300140381
0.3907206654548645
0.4012823700904846
0.4210090637207031
0.39150410890579224
0.424434095621109
0.4026423990726471
0.48171374201774597
0.4010637104511261
0.4102650582790375
0.40383386611938477
0.3978648781776428
0.41575589776039124
0.39784225821495056
0.4004802107810974
0.4075462520122528
0.39022672176361084
0.40645357966423035
0.40015146136283875
0.41826486587524414
0.3995250463485718
0.40842488408088684
0.41382738947868347
0.40266430377960205
0.4187597334384918
0.4134232997894287
0.4260297417640686
0.39171406626701355
0.40463224053382874
0.4132290482521057
0.4293222427368164
0.41304701566696167
0.39690425992012024
0.41697263717651367
0.434978187084198
0.41208890080451965
0.41508615016937256
0.42186877131462097
0.4125562608242035
0.41280752420425415
0.4095469117164612
0.466897189617157
0.44773489236831665
0.3971848487854004
0.40501469373703003
0.41410911083221436
0.41103658080101013
0.4343315660953522
0.4042927026748657
0.3975277543067932
0.40525466203689575
0.4329563081264496
0.4062551259994507
0.41612058877944946
0.44422584772109985
0.41287457942962646
0.42120692133903503
0.4012211561203003
0.3924088180065155
0.41351673007011414
0.4185028672218323
0.41068223118782043
0.43011540174484253
0.4376104474067688
0.4345540404319763
0.44555899500846863
0.4170020520687103
0.40081021189689636
0.40947410464286804
0.42817655205726624
0.42585358023643494
0.4302055239677429
0.4128429591655731
0.42967480421066284
0.4330916106700897
0.4041862189769745
0.4141092896461487
0.4398386478424072
0.40408238768577576
0.4065401256084442
0.4157465398311615
0.40830713510513306
0.40295249223709106
0.4122925400733948
0.4167984426021576
0.4078707695007324
0.3995077610015869
0.40805715322494507
0.43630698323249817
0.4410911500453949
0.41490641236305237
0.39145687222480774
0.43234577775001526
0.45087701082229614
0.4101911187171936
0.4326566457748413
0.41225436329841614
0.3915099799633026
0.4499364197254181
0.4004712402820587
0.4062514901161194
0.40723103284835815
0.4023624658584595
0.4126700460910797
0.4188928008079529
0.4030890464782715
0.41686370968818665
0.4397868514060974
0.43527090549468994
0.4270887076854706
0.4466591477394104
0.422120064496994
0.43375447392463684
0.41011184453964233
0.4118359684944153
0.39674466848373413
0.4258883595466614
0.4102216064929962
0.4161885678768158
0.41408950090408325
0.39642709493637085
0.3984679579734802
0.40135806798934937
0.4005669355392456
0.42994919419288635
0.46334248781204224
0.40082845091819763
0.39198240637779236
0.40577447414398193
0.40093994140625
0.4061923027038574
0.42022624611854553
0.39776918292045593
0.3958745300769806
0.40086275339126587
0.430308997631073
0.4329812526702881
0.42065221071243286
0.43109941482543945
0.4316920042037964
0.43410637974739075
0.47417712211608887
0.41420692205429077
0.41096171736717224
0.42419368028640747
0.42776909470558167
0.4245973527431488
0.3993563950061798
0.4229394793510437
0.4088483154773712
0.4156669080257416
0.4024932384490967
0.42372071743011475
0.4356185793876648
0.39800986647605896
0.3980320990085602
0.41301777958869934
0.3951966166496277
0.44441235065460205
0.4092145264148712
0.3849848508834839
0.43135374784469604
0.41233521699905396
0.4266582131385803
0.4308050274848938
0.4181038737297058
0.41188016533851624
0.42230093479156494
0.410086989402771
0.39782410860061646
0.3964399993419647
0.4194824993610382
0.4205384850502014
0.4001331925392151
0.3833182454109192
0.4176046848297119
0.4083458483219147
0.4041677415370941
0.4157939851284027
0.4246995151042938
0.40329548716545105
0.40699636936187744
0.3995269238948822
0.4164450168609619
0.4077358841896057
0.4114623963832855
0.4118348956108093
0.42860230803489685
0.422777384519577
0.41526010632514954
0.4100492298603058
0.4088905453681946
0.43368998169898987
0.39821940660476685
0.3944053053855896
0.42201972007751465
0.4283292591571808
0.4317365288734436
0.38911542296409607
0.39930260181427
0.40325406193733215
0.41507628560066223
0.39958637952804565
0.40505069494247437
0.46266970038414
0.42624300718307495
0.40335091948509216
0.38845470547676086
0.4051936864852905
0.4327709376811981
0.41318854689598083
0.4587685465812683
0.41954004764556885
0.41377124190330505
0.40670469403266907
0.3947038948535919
0.405396968126297
0.4301924705505371
0.43031272292137146
0.4364073872566223
0.4219343960285187
0.42128804326057434
0.4054574966430664
0.4046705365180969
0.4162432849407196
0.4322240650653839
0.40414369106292725
0.4012579917907715
0.4003377854824066
0.4362994432449341
0.4015277624130249
0.4137728810310364
0.41777312755584717
0.4055938124656677
0.42279526591300964
0.4476145803928375
0.4266122579574585
0.4302217960357666
0.4314163029193878
0.4116929769515991
0.4231819808483124
0.4395606219768524
0.40730059146881104
0.4191683530807495
0.40842634439468384
0.4075552821159363
0.42424750328063965
0.4252620041370392
0.3976804316043854
0.41199901700019836
0.4411579966545105
0.4058796167373657
0.4115733504295349
0.42233988642692566
0.4353901743888855
0.3989860415458679
0.39703381061553955
0.4284321069717407
0.4062427878379822
0.4320676326751709
0.4161723256111145
0.43432554602622986
0.4179033935070038
0.4039551913738251
0.40402665734291077
0.3987693786621094
0.41195228695869446
0.41686564683914185
0.4324011206626892
0.4380686283111572
0.4118789732456207
0.4055447578430176
0.4059998095035553
0.39980390667915344
0.4064963757991791
0.4092450439929962
0.5023931860923767
0.46491873264312744
0.42996928095817566
0.4395943284034729
0.42144548892974854
0.4237044155597687
0.4150090515613556
0.4167965352535248
0.41183987259864807
0.42016562819480896
0.4084426164627075
0.4244520366191864
0.4225691258907318
0.4259316623210907
0.4027498662471771
0.4230361580848694
0.40614333748817444
0.4747158885002136
0.403471440076828
0.42353555560112
0.41611576080322266
0.40646928548812866
0.3974060118198395
0.4122768044471741
0.4057875871658325
0.4414387047290802
0.3976207971572876
0.42129701375961304
0.42960432171821594
0.41597980260849
0.414426326751709
0.4143810272216797
0.39747101068496704
0.43253570795059204
0.39594826102256775
0.4177633225917816
0.4081929922103882
0.39208248257637024
0.42863455414772034
0.4315541088581085
0.4152897894382477
0.40229150652885437
0.4132683277130127
0.4485059678554535
0.413072794675827
0.39674875140190125
0.4193979501724243
0.3945450484752655
0.43831300735473633
0.3955955505371094
0.39362162351608276
0.39851638674736023
0.401486337184906
0.4111041724681854
0.40921980142593384
0.3953568637371063
0.4013809561729431
0.44435209035873413
0.40941715240478516
0.43144461512565613
0.39937105774879456
0.41620826721191406
0.38463807106018066
0.40261051058769226
0.40629637241363525
0.44172173738479614
0.42375490069389343
0.423836350440979
0.4151090383529663
0.41668444871902466
0.41919708251953125
0.4142315089702606
0.4122035801410675
0.4078754484653473
0.407850980758667
0.39686474204063416
0.3949955701828003
0.43529143929481506
0.4142705798149109
0.4183215796947479
0.4230557978153229
0.41066092252731323
0.4000268876552582
0.4189375042915344
0.40312010049819946
0.4336298704147339
0.4256560504436493
0.4803258180618286
0.3948554992675781
0.4029872417449951
0.40737050771713257
0.40823134779930115
0.41155561804771423
0.43474850058555603
0.43205803632736206
0.40512168407440186
0.41202521324157715
0.39632293581962585
0.3926216661930084
0.4033370912075043
0.4113590717315674
0.4312048554420471
0.39868438243865967
0.43091246485710144
0.40977561473846436
0.3894950747489929
0.40043386816978455
0.41912031173706055
0.4014047384262085
0.404893159866333
0.43455928564071655
0.42383143305778503
0.42139118909835815
0.4014444351196289
0.4102286100387573
0.4136119782924652
0.3938782811164856
0.394328236579895
0.4303354024887085
0.40576833486557007
0.41146689653396606
0.4351094663143158
0.40650230646133423
0.39948007464408875
0.41862180829048157
0.41822779178619385
0.4433657228946686
0.4430583715438843
0.4195919632911682
0.4001617431640625
0.40702930092811584
0.410153329372406
0.4002939760684967
0.39800184965133667
0.4186813533306122
0.41208675503730774
0.3943188190460205
0.3996694087982178
0.41503193974494934
0.42679116129875183
0.39629077911376953
0.4029153287410736
0.4078160524368286
0.4090518653392792
0.40590789914131165
0.4398510456085205
0.42044129967689514
0.3906014561653137
0.40583640336990356
0.40235692262649536
0.41468697786331177
0.45429205894470215
0.3969644010066986
0.4027915596961975
0.4443713128566742
0.4428979456424713
0.40006473660469055
0.41981950402259827
0.41421446204185486
0.40312764048576355
0.4061504602432251
0.4285617172718048
0.41498664021492004
0.42297494411468506
0.40022164583206177
0.4044162929058075
0.4035428464412689
0.39949414134025574
0.44255051016807556
0.43729692697525024
0.4087418019771576
0.4171019196510315
0.4049587547779083
0.41608500480651855
0.41105639934539795
0.39705392718315125
0.4608055353164673
0.3942667245864868
0.40807873010635376
0.3976253569126129
0.39634859561920166
0.41407084465026855
0.42345884442329407
0.4205736219882965
0.3996709883213043
0.3852500021457672
0.41954928636550903
0.3950641453266144
0.41196510195732117
0.43042701482772827
0.40028005838394165
0.4372877776622772
0.3862140476703644
0.40098607540130615
0.4190521836280823
0.3952943980693817
0.4101881682872772
0.42855992913246155
0.41643717885017395
0.41460558772087097
0.4098389446735382
0.41196703910827637
0.3994310796260834
0.40698155760765076
0.4075390696525574
0.4173789322376251
0.40153974294662476
0.40318751335144043
0.4147292375564575
0.40426790714263916
0.39409297704696655
0.40420064330101013
0.3906419277191162
0.4068382680416107
0.39973729848861694
0.3930899500846863
0.3957798480987549
0.39981400966644287
0.39473122358322144
0.40079164505004883
0.40032902359962463
0.432817667722702
0.41939234733581543
0.4279532730579376
0.40658706426620483
0.42155659198760986
0.4413294792175293
0.4094173014163971
0.3946302533149719
0.3946423828601837
0.43571507930755615
0.4500950276851654
0.38682833313941956
0.4135217070579529
0.411160409450531
0.42141473293304443
0.3979341685771942
0.4079025685787201
0.4623945355415344
0.4330699145793915
0.4378949701786041
0.4202994406223297
0.4206700325012207
0.42790135741233826
0.4209037721157074
0.40578553080558777
0.420990914106369
0.396564781665802
0.40099820494651794
0.40546879172325134
0.43801239132881165
0.38776934146881104
0.3988768756389618
0.41047120094299316
0.4303344488143921
0.4238526523113251
0.3938372731208801
0.3939676284790039
0.45089295506477356
0.3836395740509033
0.3971311151981354
0.40432465076446533
0.4281523525714874
0.4253425896167755
0.40417852997779846
0.4091779291629791
0.4213760793209076
0.40836524963378906
0.41215500235557556
0.38984206318855286
0.41708245873451233
0.40263110399246216
0.40355223417282104
0.3950926661491394
0.42745441198349
0.40243324637413025
0.47058379650115967
0.4039946496486664
0.4656808078289032
0.39142751693725586
0.41869744658470154
0.4059646725654602
0.4064883291721344
0.40272876620292664
0.38724324107170105
0.42521435022354126
0.3976491689682007
0.3876590132713318
0.39671236276626587
0.4001566767692566
0.4370766580104828
0.39800480008125305
0.41315943002700806
0.4100955128669739
0.4098246395587921
0.4200645089149475
0.4096481502056122
0.41249001026153564
0.3988129198551178
0.4181258976459503
0.39667555689811707
0.4278033375740051
0.4079795777797699
0.43459829688072205
0.4341219365596771
0.41795748472213745
0.41710856556892395
0.43182995915412903
0.41539040207862854
0.4214088022708893
0.4114164710044861
0.3925777077674866
0.40343502163887024
0.4299156963825226
0.39465048909187317
0.4313099682331085
0.40770137310028076
0.4219478368759155
0.4539262056350708
0.4228473901748657
0.4156654179096222
0.40349894762039185
0.39777716994285583
0.42064231634140015
0.41139209270477295
0.39880093932151794
0.45234185457229614
0.41428956389427185
0.4197366237640381
0.402652770280838
0.4054122567176819
0.4027966856956482
0.4173576533794403
0.40289589762687683
0.3993160128593445
0.38959550857543945
0.40580546855926514
0.407064825296402
0.4206470847129822
0.38812166452407837
0.4059087336063385
0.43340831995010376
0.39403456449508667
0.39581260085105896
0.40643277764320374
0.4209483861923218
0.41200584173202515
0.4077204465866089
0.3963247537612915
0.4023273289203644
0.4252344071865082
0.39853164553642273
0.40065425634384155
0.39317256212234497
0.4159317910671234
0.396820992231369
0.41855937242507935
0.4042803645133972
0.43413034081459045
0.4745481610298157
0.3963000178337097
0.4096384048461914
0.39480412006378174
0.4049729108810425
0.42715659737586975
0.406501442193985
0.39482298493385315
0.41893818974494934
0.4240494966506958
0.430034339427948
0.4331755042076111
0.3951256573200226
0.4284319579601288
0.4059002697467804
0.40833422541618347
0.4209498167037964
0.4127027988433838
0.41422584652900696
0.4245733618736267
0.4074482023715973
0.4395007789134979
0.3987168073654175
0.4357626736164093
0.4017285108566284
0.3924412429332733
0.42363518476486206
0.39587000012397766
0.4014539122581482
0.436676949262619
0.39192840456962585
0.4025369882583618
0.3936382532119751
0.4353664815425873
0.3789902925491333
0.4293041527271271
0.401790052652359
0.4142006039619446
0.43455588817596436
0.41495704650878906
0.39391160011291504
0.42789793014526367
0.4354653060436249
0.45054319500923157
0.40350672602653503
0.42698752880096436
0.3977830111980438
0.41081905364990234
0.40025168657302856
0.44939059019088745
0.3912160098552704
0.4215926229953766
0.40605613589286804
0.43012845516204834
0.40932121872901917
0.4062668979167938
0.41692155599594116
0.4444734454154968
0.4112875163555145
0.4015504717826843
0.3945194482803345
0.4100322723388672
0.42937996983528137
0.41049546003341675
0.4136352241039276
0.4568822979927063
0.40593257546424866
0.3975060284137726
