1.4944919347763062
1.1615386009216309
1.0786410570144653
1.0217334032058716
0.9641590118408203
0.8643849492073059
0.9156445264816284
0.8674729466438293
0.8499515652656555
0.7956173419952393
0.7670092582702637
0.806979238986969
0.7618663311004639
0.7513773441314697
0.7687817811965942
0.7303614616394043
0.7596138119697571
0.726445734500885
0.7056183218955994
0.7478159666061401
0.7028560042381287
0.7118001580238342
0.6983392238616943
0.7134656310081482
0.7232306599617004
0.817078173160553
0.6694273352622986
0.6928500533103943
0.7384201884269714
0.7198235392570496
0.68024742603302
0.6927593350410461
0.6888217329978943
0.6877126097679138
0.6612392067909241
0.6796355843544006
0.6972482800483704
0.6850326657295227
0.6175848245620728
0.6178983449935913
0.6498363614082336
0.6575545072555542
0.6858959794044495
0.6729248762130737
0.6583485007286072
0.6345321536064148
0.6369048357009888
0.6186476349830627
0.6075633764266968
0.6257562041282654
0.5902338027954102
0.6383647918701172
0.6361657977104187
0.5926456451416016
0.6731043457984924
0.6148382425308228
0.6190917491912842
0.6059265732765198
0.5982380509376526
0.5989408493041992
0.5654305219650269
0.5957724452018738
0.6132645606994629
0.6221279501914978
0.6575088500976562
0.572212278842926
0.6103062033653259
0.6198636293411255
0.5837711095809937
0.6189941167831421
0.5720443725585938
0.6238918900489807
0.564938485622406
0.6038035750389099
0.5607956051826477
0.5617282390594482
0.6079917550086975
0.572402834892273
0.58485347032547
0.5754573941230774
0.6039143204689026
0.5698443651199341
0.6089827418327332
0.6036331653594971
0.5534725785255432
0.571541428565979
0.6049079298973083
0.5999420881271362
0.5637601613998413
0.5503563284873962
0.5715702772140503
0.5367315411567688
0.5683727860450745
0.5799457430839539
0.5476588010787964
0.5701291561126709
0.5984734296798706
0.5532086491584778
0.5522641539573669
0.5614049434661865
0.5635102391242981
0.5580626130104065
0.5833293199539185
0.5691694021224976
0.5199246406555176
0.5657963752746582
0.5588425993919373
0.5999189019203186
0.5615202188491821
0.5345001220703125
0.5438443422317505
0.533646821975708
0.520118236541748
0.5598148107528687
0.5751882195472717
0.5252621173858643
0.5521785616874695
0.5305762887001038
0.5147773623466492
0.5059243440628052
0.56650310754776
0.5312499403953552
0.5386459827423096
0.5466093420982361
0.5234357714653015
0.5308514833450317
0.5144884586334229
0.5410970449447632
0.519690990447998
0.5086239576339722
0.5832676887512207
0.4975462555885315
0.5437216758728027
0.5421373248100281
0.5489290356636047
0.5655299425125122
0.5358350872993469
0.5109378695487976
0.5139569044113159
0.49698111414909363
0.5206482410430908
0.505220890045166
0.5617268085479736
0.49411702156066895
0.5005694031715393
0.5022071599960327
0.5377374887466431
0.5158722996711731
0.4929426908493042
0.5223371982574463
0.5402117967605591
0.5137845277786255
0.5155102610588074
0.5074750781059265
0.504830002784729
0.5368947982788086
0.5206770896911621
0.5168039202690125
0.517761766910553
0.5140507817268372
0.504631757736206
0.4938502013683319
0.482060045003891
0.5257799029350281
0.5002368688583374
0.5238358378410339
0.47666043043136597
0.4947873651981354
0.5232630968093872
0.5261674523353577
0.5131860375404358
0.5045395493507385
0.4751664400100708
0.5079531669616699
0.5253614187240601
0.5567669868469238
0.5183387398719788
0.5366502404212952
0.49666541814804077
0.5026154518127441
0.5346422791481018
0.506913423538208
0.5228732228279114
0.5346924066543579
0.49907904863357544
0.4976218342781067
0.509548008441925
0.5169999599456787
0.4816313087940216
0.5229612588882446
0.5010623931884766
0.4966474771499634
0.499657541513443
0.5047954320907593
0.5071231126785278
0.49509018659591675
0.4594978094100952
0.506496787071228
0.473324179649353
0.49872517585754395
0.4839716851711273
0.544691801071167
0.4973689317703247
0.48760533332824707
0.46221792697906494
0.474972128868103
0.49865004420280457
0.4535467028617859
0.47377729415893555
0.47276774048805237
0.4839577376842499
0.5037711262702942
0.4970235824584961
0.5006921887397766
0.46387168765068054
0.4798733592033386
0.4744880795478821
0.4783879816532135
0.5014092326164246
0.4644208550453186
0.48545122146606445
0.48244205117225647
0.4638359844684601
0.5015698671340942
0.5165388584136963
0.4731246531009674
0.49214136600494385
0.5085372924804688
0.4828542172908783
0.4948188066482544
0.5150676965713501
0.4866536855697632
0.4850581884384155
0.46718481183052063
0.4782582223415375
0.4862666726112366
0.4985544681549072
0.4616181552410126
0.4707220196723938
0.5244993567466736
0.49668043851852417
0.4854738712310791
0.4748382568359375
0.4595566391944885
0.47627851366996765
0.46462470293045044
0.477389395236969
0.4690738916397095
0.5043414235115051
0.47546446323394775
0.4800068438053131
0.4711284041404724
0.5016999840736389
0.4631121754646301
0.480252206325531
0.46358728408813477
0.46079251170158386
0.48215100169181824
0.48724859952926636
0.4637954831123352
0.48138463497161865
0.47364819049835205
0.4612787663936615
0.45469728112220764
0.45898517966270447
0.4780523180961609
0.4920249581336975
0.46545523405075073
0.47044122219085693
0.4961796998977661
0.46193358302116394
0.4794059097766876
0.48142433166503906
0.47341182827949524
0.4503253698348999
0.48530998826026917
0.4779433608055115
0.4795909821987152
0.46414753794670105
0.4571410119533539
0.4581172466278076
0.46474945545196533
0.4549771249294281
0.4671114981174469
0.4839276075363159
0.4381631016731262
0.4599911868572235
0.47359174489974976
0.48696497082710266
0.4542080760002136
0.45877838134765625
0.4911505877971649
0.4688509702682495
0.4799090623855591
0.4671795666217804
0.4499128460884094
0.4740399718284607
0.45675942301750183
0.44154092669487
0.4567485451698303
0.46248918771743774
0.4472144842147827
0.45470455288887024
0.48216158151626587
0.4609011113643646
0.4922366738319397
0.457148939371109
0.4776102900505066
0.46120983362197876
0.4618033170700073
0.46055635809898376
0.5109072923660278
0.4623323976993561
0.46534234285354614
0.5007190704345703
0.48890039324760437
0.46439728140830994
0.4502401053905487
0.4584481120109558
0.459507018327713
0.44019317626953125
0.480117529630661
0.44980937242507935
0.4496975541114807
0.4811572730541229
0.4680502414703369
0.4906456768512726
0.48565471172332764
0.4607844352722168
0.47097697854042053
0.4674685299396515
0.4739910960197449
0.49902862310409546
0.48102617263793945
0.47022005915641785
0.4753033220767975
0.5001304745674133
0.45322954654693604
0.4978099763393402
0.47059059143066406
0.45375537872314453
0.4444386959075928
0.4839949905872345
0.46914365887641907
0.45974746346473694
0.4532015025615692
0.4669885039329529
0.5133951306343079
0.46045735478401184
0.44510918855667114
0.4494986832141876
0.4432812035083771
0.43784070014953613
0.4335065186023712
0.46447136998176575
0.4544396996498108
0.4350074529647827
0.44438108801841736
0.46205347776412964
0.437208890914917
0.4507416784763336
0.45625951886177063
0.45738983154296875
0.4485052227973938
0.4448951780796051
0.4833436608314514
0.46004533767700195
0.4447106719017029
0.4319579601287842
0.4543159306049347
0.4572608768939972
0.4461381733417511
0.4590773284435272
0.45089855790138245
0.4740079343318939
0.4657054543495178
0.4966234266757965
0.44521796703338623
0.4503078758716583
0.47313055396080017
0.4561289846897125
0.48036620020866394
0.4255293309688568
0.4641491770744324
0.46561065316200256
0.46607866883277893
0.4852581322193146
0.4478895366191864
0.4459918737411499
0.4608668088912964
0.4519962668418884
0.4516294598579407
0.45679134130477905
0.43897658586502075
0.4572516083717346
0.44587868452072144
0.48085665702819824
0.4833110272884369
0.4639507532119751
0.457597941160202
0.4513894021511078
0.46065840125083923
0.41841280460357666
0.4444648325443268
0.4725522994995117
0.4497010111808777
0.4413619935512543
0.4517049193382263
0.43899473547935486
0.44165024161338806
0.4496983289718628
0.45652303099632263
0.4505552053451538
0.43289509415626526
0.4586195945739746
0.4359252154827118
0.4486697018146515
0.4502924680709839
0.43866971135139465
0.43972155451774597
0.44427621364593506
0.4567491412162781
0.4776761829853058
0.4492562711238861
0.4531278610229492
0.453608900308609
0.4391899108886719
0.45197030901908875
0.4936312437057495
0.44723424315452576
0.4782201945781708
0.4417571425437927
0.453559547662735
0.47377997636795044
0.4397498667240143
0.4376232922077179
0.42450419068336487
0.4353354275226593
0.4714581370353699
0.42530664801597595
0.46319228410720825
0.43775027990341187
0.45079147815704346
0.4478982090950012
0.4465276002883911
0.4332602322101593
0.4479142725467682
0.4272978901863098
0.44033482670783997
0.41210922598838806
0.44169625639915466
0.43659508228302
0.434935599565506
0.44276168942451477
0.4123878479003906
0.43856918811798096
0.44979023933410645
0.4358976483345032
0.4279859960079193
0.44024714827537537
0.42275139689445496
0.43254536390304565
0.43113476037979126
0.43152832984924316
0.43024954199790955
0.44418978691101074
0.4192463755607605
0.43254178762435913
0.4329621195793152
0.42743468284606934
0.4239021837711334
0.45360296964645386
0.42555931210517883
0.4410652816295624
0.42291149497032166
0.44581496715545654
0.4214598834514618
0.4401198625564575
0.44562458992004395
0.433595210313797
0.43879079818725586
0.4436376094818115
0.43840327858924866
0.4226350784301758
0.4412228763103485
0.42543652653694153
0.44708845019340515
0.43018096685409546
0.42792269587516785
0.4436432719230652
0.4332703948020935
0.43804237246513367
0.4252554476261139
0.41902852058410645
0.4281075894832611
0.4123275578022003
0.4318842887878418
0.4256017506122589
0.44090208411216736
0.4398981034755707
0.4191679358482361
0.45133671164512634
0.4331226944923401
0.4295639395713806
0.40844547748565674
0.4268946051597595
0.49261748790740967
0.43321743607521057
0.4439229667186737
0.4405592381954193
0.4346427321434021
0.42440786957740784
0.462516188621521
0.4205608367919922
0.4245958924293518
0.43529632687568665
0.4218595027923584
0.42430102825164795
0.4363178610801697
0.46329277753829956
0.4343591630458832
0.4249029755592346
0.41681793332099915
0.4325028955936432
0.4199203848838806
0.43185919523239136
0.44063496589660645
0.4422949254512787
0.43866589665412903
0.4231605529785156
0.44249123334884644
0.4439661204814911
0.48020604252815247
0.432394415140152
0.44273853302001953
0.44614624977111816
0.44005030393600464
0.4382457435131073
0.4496227204799652
0.4284842908382416
0.42916062474250793
0.45502954721450806
0.4399387538433075
0.4383929967880249
0.4273975193500519
0.4344152808189392
0.4275057911872864
0.4352462887763977
0.4471242129802704
0.455031156539917
0.434347927570343
0.42516398429870605
0.44551509618759155
0.4553720951080322
0.4376712739467621
0.43184858560562134
0.4270531237125397
0.41874969005584717
0.42797234654426575
0.420726478099823
0.4181632399559021
0.4300369322299957
0.4413902461528778
0.42184340953826904
0.4204573929309845
0.416433721780777
0.4463016092777252
0.42125746607780457
0.4346681833267212
0.42072874307632446
0.4406605064868927
0.47482264041900635
0.4122335612773895
0.42324966192245483
0.43546485900878906
0.42568281292915344
0.42958658933639526
0.4565966725349426
0.43458107113838196
0.42200249433517456
0.4216749370098114
0.458686888217926
0.4522215723991394
0.43478915095329285
0.4360373616218567
0.433497816324234
0.4269838035106659
0.4433397054672241
0.43705156445503235
0.4419856071472168
0.420821875333786
0.4517853856086731
0.42035070061683655
0.4233229160308838
0.42548850178718567
0.42354339361190796
0.4354148805141449
0.40123432874679565
0.4235270023345947
0.41924864053726196
0.417694091796875
0.4351624548435211
0.4153658151626587
0.4282233417034149
0.43449866771698
0.4164392650127411
0.41197526454925537
0.4282575845718384
0.4096020460128784
0.408454030752182
0.5304572582244873
0.44457608461380005
0.43673455715179443
0.46356886625289917
0.4527139663696289
0.4752229154109955
0.42917123436927795
0.4443329870700836
0.42262187600135803
0.46607261896133423
0.4361295700073242
0.44294580817222595
0.4370492994785309
0.41109204292297363
0.42510986328125
0.44206175208091736
0.4230838418006897
0.4128764867782593
0.44917479157447815
0.43208348751068115
0.4400191605091095
0.4205758571624756
0.4245309829711914
0.4214596450328827
0.4567207992076874
0.4249235689640045
0.467377632856369
0.4360273778438568
0.4288038909435272
0.44600868225097656
0.44032999873161316
0.42417851090431213
0.42375946044921875
0.43637925386428833
0.4232529401779175
0.4264884889125824
0.41754019260406494
0.4202243983745575
0.4387055039405823
0.5052399635314941
